# Test Vector File
<PinDef>
   # pin definitions go here
    A13, A14,A17, A18, A19,Q8, Q9, Q10, Q11, Q12, Q16, Q15, Q14, Q13
</PinDef>
<TestVector>
#A13(Clk) A14(nRst) A17(Tick) A[18:19] Q[8:11] Q12 Q[16:13]
C0	1	00	1000	1	0001
C0	0	11	1000	1	0001
C1	0	00	0100	0	0010
C1	0	00	0010	1	0000
C1	0	00	0001	1	0000
C1	0	01	0000	1	0000
C1	0	00	0100	0	0001
C1	1	00	0010	1	0000
C1	0	00	0001	1	0001
C1	0	11	0000	1	0000
C1	0	00	0100	0	0010
C1	0	00	0010	1	0000
C1	0	00	0001	1	0010
C1	0	11	0000	1	0000
C0	0	11	1000	1	0001
C0	1	00	1000	1	0001
C0	1	11	1000	1	0001
00	0	00	1000	1	0001
01	0	00	1000	1	0001
01	1	00	1000	1	0001
11	1	00	0100	0	0010
11	0	00	0100	0	0010
01	0	00	0100	0	0010
01	0	00	0100	0	0010
11	0	00	0010	1	0000
11	0	00	0010	1	0000
01	0	00	0010	1	0000
01	0	00	0010	1	0000
11	0	00	0001	1	0001
01	0	00	0001	1	0001
01	0	01	0001	1	0001
11	0	01	0000	1	0000
11	0	01	0000	1	0000
01	0	00	0000	1	0000
01	0	00	0000	1	0000
11	1	00	0100	0	0001
C1	0	01	0010	1	0000
C1	0	00	0001	1	0001
C1	0	00	0000	1	0000
C1	0	00	0100	0	0010
C1	0	00	0010	1	0000
C1	0	01	0001	1	0001
C1	0	00	0000	1	0000
C1	0	00	0100	0	0011
C1	0	00	0010	1	0000
C1	0	01	0001	1	0001
C1	0	10	0000	1	0000
C1	0	00	0100	0	0100
C1	0	00	0010	1	0000
C1	0	01	0001	1	0010
C1	0	10	0000	1	0000
C1	0	00	0100	0	0101
C1	0	00	0010	1	0000
C1	0	01	0001	1	0011
C1	0	10	0000	1	0000
C1	0	00	0100	0	0110
C1	0	00	0010	1	0000
C1	0	01	0001	1	0100
C1	0	10	0000	1	0000
C1	0	00	0100	0	0111
C1	0	00	0010	1	0000
C1	0	01	0001	1	0101
C1	0	10	0000	1	0000
C1	0	00	0100	0	1000
C1	0	00	0010	1	0000
C1	0	01	0001	1	0110
C1	0	10	0000	1	0000
C1	0	00	0100	0	1001
C1	0	00	0010	1	0000
C1	0	01	0001	1	0111
C1	0	10	1000	1	0001
C1	0	00	0100	0	0000
C1	0	00	0010	1	0000
C1	0	01	0001	1	1000
C1	0	10	1000	1	0001
C1	0	00	0100	0	0001
C1	0	00	0010	1	0000
C1	0	01	0001	1	1001
C1	0	10	1000	1	0001
C1	0	00	0100	0	0010
C1	0	00	0010	1	0001
C1	0	01	0001	1	0000
C1	0	10	0000	1	0000
C1	0	00	0100	0	0001
C1	0	00	0010	1	0001
C1	0	00	0001	1	0001
C1	0	10	0000	1	0000
C1	0	10	0100	0	0001
C1	0	10	0010	1	0001
C1	0	10	0001	1	0101
C1	0	10	0000	1	0000
C1	0	10	0100	0	0001
C1	0	10	0010	1	0001
C1	0	10	0001	1	1001
C1	0	10	0000	1	0000
C1	0	10	0100	0	0001
C1	0	10	0010	1	0010
C1	0	10	0001	1	0011
C1	0	10	0000	1	0000
C1	0	10	0100	0	0001
C1	0	10	0010	1	0010
C1	0	10	0001	1	0111
C1	0	10	0000	1	0000
C1	0	10	0100	0	0001
C1	0	10	0010	1	0011
C1	0	10	0001	1	0001
C1	0	10	0000	1	0000
C1	0	10	0100	0	0001
C1	0	10	0010	1	0011
C1	0	10	0001	1	0101
C1	0	10	0000	1	0000
C1	0	10	0100	0	0001
C1	0	10	0010	1	0011
C1	0	10	0001	1	1001
C1	0	10	0000	1	0000
C1	0	10	0100	0	0001
C1	0	10	0010	1	0100
C1	0	10	0001	1	0011
C1	0	10	0000	1	0000
C1	0	10	0100	0	0001
C1	0	10	0010	1	0100
C1	0	10	0001	1	0111
C1	0	10	0000	1	0000
C1	0	10	0100	0	0001
C1	0	10	0010	1	0101
C1	0	10	0001	1	0001
C1	0	10	0000	1	0000
C1	0	10	0100	0	0001
C1	0	10	0010	1	0101
C1	0	10	0001	1	0101
C1	0	10	0000	1	0000
C1	0	10	0100	0	0001
C1	0	00	0010	1	0101
C1	0	00	0001	1	0111
C1	0	10	0000	1	0000
C1	0	00	0100	0	0001
C1	0	00	0010	1	0101
C1	0	00	0001	1	1000
C1	0	10	0000	1	0000
C1	0	00	0100	0	0001
C1	0	00	0010	1	0101
C1	0	00	0001	1	1001
C1	0	00	0000	1	0000
C1	0	00	0100	0	0001
C1	0	00	0010	1	0101
C1	0	00	0001	1	1001
C1	0	00	0000	1	0000
C1	0	00	0100	0	0001
C1	0	00	0010	1	0101
C1	0	00	0001	1	1001
C1	0	10	0000	1	0000
C1	0	00	0100	0	0001
C1	0	00	0010	1	0000
C1	0	00	0001	1	0000
C0	0	00	1000	1	0001
C1	0	00	0100	0	0010
C1	0	00	0010	1	0000
C1	0	00	0001	1	0000
C1	1	00	1000	1	0001
C1	0	00	0100	0	0010
C1	0	00	0010	1	0000
C1	0	00	0001	1	0001
C1	1	00	1000	1	0001
C1	0	00	0100	0	0010
C1	0	00	0010	1	0000
C1	0	00	0001	1	0010
C1	1	00	1000	1	0001
C1	0	00	0100	0	0010
C1	0	00	0010	1	0000
C1	0	00	0001	1	0011
C1	1	00	1000	1	0001
C1	0	00	0100	0	0010
C1	0	00	0010	1	0000
C1	0	00	0001	1	0100
C1	1	00	1000	1	0001
C1	0	00	0100	0	0010
C1	0	00	0010	1	0000
C1	0	00	0001	1	0101
C1	1	00	1000	1	0001
C1	0	00	0100	0	0010
C1	0	00	0010	1	0000
C1	0	00	0001	1	0110
C1	1	00	1000	1	0001
C1	0	00	0100	0	0010
C1	0	00	0010	1	0000
C1	0	00	0001	1	0111
C1	1	00	1000	1	0001
C1	0	00	0100	0	0010
C1	0	00	0010	1	0000
C1	0	00	0001	1	1000
C1	1	00	1000	1	0001
C1	0	00	0100	0	0010
C1	0	00	0010	1	0000
C1	0	00	0001	1	1001
C1	1	00	1000	1	0001
C1	0	00	0100	0	0010
C1	0	00	0010	1	0001
C1	0	00	0001	1	0000
C1	1	00	1000	1	0001
C1	0	00	0100	0	0010
C1	0	00	0010	1	0001
C1	0	00	0001	1	0001
C1	1	00	1000	1	0001
C1	0	00	0100	0	0010
C1	0	00	0010	1	0001
C1	0	00	0001	1	0010
C1	1	00	1000	1	0001
C1	0	00	0100	0	0010
C1	0	00	0010	1	0001
C1	0	00	0001	1	0011
C1	1	00	1000	1	0001
C1	0	00	0100	0	0010
C1	0	00	0010	1	0001
C1	0	00	0001	1	0100
C1	1	00	1000	1	0001
C1	0	00	0100	0	0010
C1	0	00	0010	1	0001
C1	0	00	0001	1	0101
C1	1	00	1000	1	0001
C1	0	00	0100	0	0010
C1	0	00	0010	1	0001
C1	0	00	0001	1	0110
C1	1	00	1000	1	0001
C1	0	00	0100	0	0010
C1	0	00	0010	1	0001
C1	0	00	0001	1	0111
C1	1	00	1000	1	0001
C1	0	00	0100	0	0010
C1	0	00	0010	1	0001
C1	0	00	0001	1	1000
C1	1	00	1000	1	0001
C1	0	00	0100	0	0010
C1	0	00	0010	1	0001
C1	0	00	0001	1	1001
C1	1	00	1000	1	0001
C1	0	00	0100	0	0010
C1	0	00	0010	1	0010
C1	0	00	0001	1	0000
C1	1	00	1000	1	0001
C1	0	00	0100	0	0010
C1	0	00	0010	1	0010
C1	0	00	0001	1	0001
C1	1	00	1000	1	0001
C1	0	00	0100	0	0010
C1	0	00	0010	1	0010
C1	0	00	0001	1	0010
C1	1	00	1000	1	0001
C1	0	00	0100	0	0010
C1	0	00	0010	1	0010
C1	0	00	0001	1	0011
C1	1	00	1000	1	0001
C1	0	00	0100	0	0010
C1	0	00	0010	1	0010
C1	0	00	0001	1	0100
C1	1	00	1000	1	0001
C1	0	00	0100	0	0010
C1	0	00	0010	1	0010
C1	0	00	0001	1	0101
C1	1	00	1000	1	0001
C1	0	00	0100	0	0010
C1	0	00	0010	1	0010
C1	0	00	0001	1	0110
C1	1	00	1000	1	0001
C1	0	00	0100	0	0010
C1	0	00	0010	1	0010
C1	0	00	0001	1	0111
C1	1	00	1000	1	0001
C1	0	00	0100	0	0010
C1	0	00	0010	1	0010
C1	0	00	0001	1	1000
C1	1	00	1000	1	0001
C1	0	00	0100	0	0010
C1	0	00	0010	1	0010
C1	0	00	0001	1	1001
C1	1	00	1000	1	0001
C1	0	00	0100	0	0010
C1	0	00	0010	1	0011
C1	0	00	0001	1	0000
C1	1	00	1000	1	0001
C1	0	00	0100	0	0010
C1	0	00	0010	1	0011
C1	0	00	0001	1	0001
C1	1	00	1000	1	0001
C1	0	00	0100	0	0010
C1	0	00	0010	1	0011
C1	0	00	0001	1	0010
C1	1	00	1000	1	0001
C1	0	00	0100	0	0010
C1	0	00	0010	1	0011
C1	0	00	0001	1	0011
C1	1	00	1000	1	0001
C1	0	00	0100	0	0010
C1	0	00	0010	1	0011
C1	0	00	0001	1	0100
C1	1	00	1000	1	0001
C1	0	00	0100	0	0010
C1	0	00	0010	1	0011
C1	0	00	0001	1	0101
C1	1	00	1000	1	0001
C1	0	00	0100	0	0010
C1	0	00	0010	1	0011
C1	0	00	0001	1	0110
C1	1	00	1000	1	0001
C1	0	00	0100	0	0010
C1	0	00	0010	1	0011
C1	0	00	0001	1	0111
C1	1	00	1000	1	0001
C1	0	00	0100	0	0010
C1	0	00	0010	1	0011
C1	0	00	0001	1	1000
C1	1	00	1000	1	0001
C1	0	00	0100	0	0010
C1	0	00	0010	1	0011
C1	0	00	0001	1	1001
C1	1	00	1000	1	0001
C1	0	00	0100	0	0010
C1	0	00	0010	1	0100
C1	0	00	0001	1	0000
C1	1	00	1000	1	0001
C1	0	00	0100	0	0010
C1	0	00	0010	1	0100
C1	0	00	0001	1	0001
C1	1	00	1000	1	0001
C1	0	00	0100	0	0010
C1	0	00	0010	1	0100
C1	0	00	0001	1	0010
C1	1	00	1000	1	0001
C1	0	00	0100	0	0010
C1	0	00	0010	1	0100
C1	0	00	0001	1	0011
C1	1	00	1000	1	0001
C1	0	00	0100	0	0010
C1	0	00	0010	1	0100
C1	0	00	0001	1	0100
C1	1	00	1000	1	0001
C1	0	00	0100	0	0010
C1	0	00	0010	1	0100
C1	0	00	0001	1	0101
C1	1	00	1000	1	0001
C1	0	00	0100	0	0010
C1	0	00	0010	1	0100
C1	0	00	0001	1	0110
C1	1	00	1000	1	0001
C1	0	00	0100	0	0010
C1	0	00	0010	1	0100
C1	0	00	0001	1	0111
C1	1	00	1000	1	0001
C1	0	00	0100	0	0010
C1	0	00	0010	1	0100
C1	0	00	0001	1	1000
C1	1	00	1000	1	0001
C1	0	00	0100	0	0010
C1	0	00	0010	1	0100
C1	0	00	0001	1	1001
C1	1	00	1000	1	0001
C1	0	00	0100	0	0010
C1	0	00	0010	1	0101
C1	0	00	0001	1	0000
C1	1	00	1000	1	0001
C1	0	00	0100	0	0010
C1	0	00	0010	1	0101
C1	0	00	0001	1	0001
C1	1	00	1000	1	0001
C1	0	00	0100	0	0010
C1	0	00	0010	1	0101
C1	0	00	0001	1	0010
C1	1	00	1000	1	0001
C1	0	00	0100	0	0010
C1	0	00	0010	1	0101
C1	0	00	0001	1	0011
C1	1	00	1000	1	0001
C1	0	00	0100	0	0010
C1	0	00	0010	1	0101
C1	0	00	0001	1	0100
C1	1	00	1000	1	0001
C1	0	00	0100	0	0010
C1	0	00	0010	1	0101
C1	0	00	0001	1	0101
C1	1	00	1000	1	0001
C1	0	00	0100	0	0010
C1	0	00	0010	1	0101
C1	0	00	0001	1	0110
C1	1	00	1000	1	0001
C1	0	00	0100	0	0010
C1	0	00	0010	1	0101
C1	0	00	0001	1	0111
C1	1	00	1000	1	0001
C1	0	00	0100	0	0010
C1	0	00	0010	1	0101
C1	0	00	0001	1	1000
C1	1	00	1000	1	0001
C1	0	00	0100	0	0010
C1	0	00	0010	1	0101
C1	0	00	0001	1	1001
C1	1	00	0000	1	0000
C1	0	00	0100	0	0001
C1	0	00	0010	1	0000
C1	0	00	0001	1	0000
C1	1	00	0000	1	0000
C1	0	00	0100	0	0001
C1	0	00	0010	1	0000
C1	0	00	0001	1	0001
C1	1	00	0000	1	0000
C1	0	00	0100	0	0001
C1	0	00	0010	1	0000
C1	0	00	0001	1	0010
C1	1	00	0000	1	0000
C1	0	00	0100	0	0001
C1	0	00	0010	1	0000
C1	0	00	0001	1	0011
C1	1	00	0000	1	0000
C1	0	00	0100	0	0001
C1	0	00	0010	1	0000
C1	0	00	0001	1	0100
C1	1	00	0000	1	0000
C1	0	00	0100	0	0001
C1	0	00	0010	1	0000
C1	0	00	0001	1	0101
C1	1	00	0000	1	0000
C1	0	00	0100	0	0001
C1	0	00	0010	1	0000
C1	0	00	0001	1	0110
C1	1	00	0000	1	0000
C1	0	00	0100	0	0001
C1	0	00	0010	1	0000
C1	0	00	0001	1	0111
C1	1	00	0000	1	0000
C1	0	00	0100	0	0001
C1	0	00	0010	1	0000
C1	0	00	0001	1	1000
C1	1	00	0000	1	0000
C1	0	00	0100	0	0001
C1	0	00	0010	1	0000
C1	0	00	0001	1	1001
C1	1	00	0000	1	0000
C1	0	00	0100	0	0001
C1	0	00	0010	1	0001
C1	0	00	0001	1	0000
C1	1	00	0000	1	0000
C1	0	00	0100	0	0001
C1	0	00	0010	1	0001
C1	0	00	0001	1	0001
C1	1	00	0000	1	0000
C1	0	00	0100	0	0001
C1	0	00	0010	1	0001
C1	0	00	0001	1	0010
C1	1	00	0000	1	0000
C1	0	00	0100	0	0001
C1	0	00	0010	1	0001
C1	0	00	0001	1	0011
C1	1	00	0000	1	0000
C1	0	00	0100	0	0001
C1	0	00	0010	1	0001
C1	0	00	0001	1	0100
C1	1	00	0000	1	0000
C1	0	00	0100	0	0001
C1	0	00	0010	1	0001
C1	0	00	0001	1	0101
C1	1	00	0000	1	0000
C1	0	00	0100	0	0001
C1	0	00	0010	1	0001
C1	0	00	0001	1	0110
C1	1	00	0000	1	0000
C1	0	00	0100	0	0001
C1	0	00	0010	1	0001
C1	0	00	0001	1	0111
C1	1	00	0000	1	0000
C1	0	00	0100	0	0001
C1	0	00	0010	1	0001
C1	0	00	0001	1	1000
C1	1	00	0000	1	0000
C1	0	00	0100	0	0001
C1	0	00	0010	1	0001
C1	0	00	0001	1	1001
C1	1	00	0000	1	0000
C1	0	00	0100	0	0001
C1	0	00	0010	1	0010
C1	0	00	0001	1	0000
C1	1	00	0000	1	0000
C1	0	00	0100	0	0001
C1	0	00	0010	1	0010
C1	0	00	0001	1	0001
C1	1	00	0000	1	0000
C1	0	00	0100	0	0001
C1	0	00	0010	1	0010
C1	0	00	0001	1	0010
C1	1	00	0000	1	0000
C1	0	00	0100	0	0001
C1	0	00	0010	1	0010
C1	0	00	0001	1	0011
C1	1	00	0000	1	0000
C1	0	00	0100	0	0001
C1	0	00	0010	1	0010
C1	0	00	0001	1	0100
C1	1	00	0000	1	0000
C1	0	00	0100	0	0001
C1	0	00	0010	1	0010
C1	0	00	0001	1	0101
C1	1	00	0000	1	0000
C1	0	00	0100	0	0001
C1	0	00	0010	1	0010
C1	0	00	0001	1	0110
C1	1	00	0000	1	0000
C1	0	00	0100	0	0001
C1	0	00	0010	1	0010
C1	0	00	0001	1	0111
C1	1	00	0000	1	0000
C1	0	00	0100	0	0001
C1	0	00	0010	1	0010
C1	0	00	0001	1	1000
C1	1	00	0000	1	0000
C1	0	00	0100	0	0001
C1	0	00	0010	1	0010
C1	0	00	0001	1	1001
C1	1	00	0000	1	0000
C1	0	00	0100	0	0001
C1	0	00	0010	1	0011
C1	0	00	0001	1	0000
C1	1	00	0000	1	0000
C1	0	00	0100	0	0001
C1	0	00	0010	1	0011
C1	0	00	0001	1	0001
C1	1	00	0000	1	0000
C1	0	00	0100	0	0001
C1	0	00	0010	1	0011
C1	0	00	0001	1	0010
C1	1	00	0000	1	0000
C1	0	00	0100	0	0001
C1	0	00	0010	1	0011
C1	0	00	0001	1	0011
C1	1	00	0000	1	0000
C1	0	00	0100	0	0001
C1	0	00	0010	1	0011
C1	0	00	0001	1	0100
C1	1	00	0000	1	0000
C1	0	00	0100	0	0001
C1	0	00	0010	1	0011
C1	0	00	0001	1	0101
C1	1	00	0000	1	0000
C1	0	00	0100	0	0001
C1	0	00	0010	1	0011
C1	0	00	0001	1	0110
C1	1	00	0000	1	0000
C1	0	00	0100	0	0001
C1	0	00	0010	1	0011
C1	0	00	0001	1	0111
C1	1	00	0000	1	0000
C1	0	00	0100	0	0001
C1	0	00	0010	1	0011
C1	0	00	0001	1	1000
C1	1	00	0000	1	0000
C1	0	00	0100	0	0001
C1	0	00	0010	1	0011
C1	0	00	0001	1	1001
C1	1	00	0000	1	0000
C1	0	00	0100	0	0001
C1	0	00	0010	1	0100
C1	0	00	0001	1	0000
C1	1	00	0000	1	0000
C1	0	00	0100	0	0001
C1	0	00	0010	1	0100
C1	0	00	0001	1	0001
C1	1	00	0000	1	0000
C1	0	00	0100	0	0001
C1	0	00	0010	1	0100
C1	0	00	0001	1	0010
C1	1	00	0000	1	0000
C1	0	00	0100	0	0001
C1	0	00	0010	1	0100
C1	0	00	0001	1	0011
C1	1	00	0000	1	0000
C1	0	00	0100	0	0001
C1	0	00	0010	1	0100
C1	0	00	0001	1	0100
C1	1	00	0000	1	0000
C1	0	00	0100	0	0001
C1	0	00	0010	1	0100
C1	0	00	0001	1	0101
C1	1	00	0000	1	0000
C1	0	00	0100	0	0001
C1	0	00	0010	1	0100
C1	0	00	0001	1	0110
C1	1	00	0000	1	0000
C1	0	00	0100	0	0001
C1	0	00	0010	1	0100
C1	0	00	0001	1	0111
C1	1	00	0000	1	0000
C1	0	00	0100	0	0001
C1	0	00	0010	1	0100
C1	0	00	0001	1	1000
C1	1	00	0000	1	0000
C1	0	00	0100	0	0001
C1	0	00	0010	1	0100
C1	0	00	0001	1	1001
C1	1	00	0000	1	0000
C1	0	00	0100	0	0001
C1	0	00	0010	1	0101
C1	0	00	0001	1	0000
C1	1	00	0000	1	0000
C1	0	00	0100	0	0001
C1	0	00	0010	1	0101
C1	0	00	0001	1	0001
C1	1	00	0000	1	0000
C1	0	00	0100	0	0001
C1	0	00	0010	1	0101
C1	0	00	0001	1	0010
C1	1	00	0000	1	0000
C1	0	00	0100	0	0001
C1	0	00	0010	1	0101
C1	0	00	0001	1	0011
C1	1	00	0000	1	0000
C1	0	00	0100	0	0001
C1	0	00	0010	1	0101
C1	0	00	0001	1	0100
C1	1	00	0000	1	0000
C1	0	00	0100	0	0001
C1	0	00	0010	1	0101
C1	0	00	0001	1	0101
C1	1	00	0000	1	0000
C1	0	00	0100	0	0001
C1	0	00	0010	1	0101
C1	0	00	0001	1	0110
C1	1	00	0000	1	0000
C1	0	00	0100	0	0001
C1	0	00	0010	1	0101
C1	0	00	0001	1	0111
C1	1	00	0000	1	0000
C1	0	00	0100	0	0001
C1	0	00	0010	1	0101
C1	0	00	0001	1	1000
C1	1	00	0000	1	0000
C1	0	00	0100	0	0001
C1	0	00	0010	1	0101
C1	0	00	0001	1	1001
C1	1	00	0000	1	0000
C1	0	00	0100	0	0010
C1	0	00	0010	1	0000
C1	0	00	0001	1	0000
C1	1	00	0000	1	0000
C1	0	00	0100	0	0010
C1	0	00	0010	1	0000
C1	0	00	0001	1	0001
C1	1	00	0000	1	0000
C1	0	00	0100	0	0010
C1	0	00	0010	1	0000
C1	0	00	0001	1	0010
C1	1	00	0000	1	0000
C1	0	00	0100	0	0010
C1	0	00	0010	1	0000
C1	0	00	0001	1	0011
C1	1	00	0000	1	0000
C1	0	00	0100	0	0010
C1	0	00	0010	1	0000
C1	0	00	0001	1	0100
C1	1	00	0000	1	0000
C1	0	00	0100	0	0010
C1	0	00	0010	1	0000
C1	0	00	0001	1	0101
C1	1	00	0000	1	0000
C1	0	00	0100	0	0010
C1	0	00	0010	1	0000
C1	0	00	0001	1	0110
C1	1	00	0000	1	0000
C1	0	00	0100	0	0010
C1	0	00	0010	1	0000
C1	0	00	0001	1	0111
C1	1	00	0000	1	0000
C1	0	00	0100	0	0010
C1	0	00	0010	1	0000
C1	0	00	0001	1	1000
C1	1	00	0000	1	0000
C1	0	00	0100	0	0010
C1	0	00	0010	1	0000
C1	0	00	0001	1	1001
C1	1	00	0000	1	0000
C1	0	00	0100	0	0010
C1	0	00	0010	1	0001
C1	0	00	0001	1	0000
C1	1	00	0000	1	0000
C1	0	00	0100	0	0010
C1	0	00	0010	1	0001
C1	0	00	0001	1	0001
C1	1	00	0000	1	0000
C1	0	00	0100	0	0010
C1	0	00	0010	1	0001
C1	0	00	0001	1	0010
C1	1	00	0000	1	0000
C1	0	00	0100	0	0010
C1	0	00	0010	1	0001
C1	0	00	0001	1	0011
C1	1	00	0000	1	0000
C1	0	00	0100	0	0010
C1	0	00	0010	1	0001
C1	0	00	0001	1	0100
C1	1	00	0000	1	0000
C1	0	00	0100	0	0010
C1	0	00	0010	1	0001
C1	0	00	0001	1	0101
C1	1	00	0000	1	0000
C1	0	00	0100	0	0010
C1	0	00	0010	1	0001
C1	0	00	0001	1	0110
C1	1	00	0000	1	0000
C1	0	00	0100	0	0010
C1	0	00	0010	1	0001
C1	0	00	0001	1	0111
C1	1	00	0000	1	0000
C1	0	00	0100	0	0010
C1	0	00	0010	1	0001
C1	0	00	0001	1	1000
C1	1	00	0000	1	0000
C1	0	00	0100	0	0010
C1	0	00	0010	1	0001
C1	0	00	0001	1	1001
C1	1	00	0000	1	0000
C1	0	00	0100	0	0010
C1	0	00	0010	1	0010
C1	0	00	0001	1	0000
C1	1	00	0000	1	0000
C1	0	00	0100	0	0010
C1	0	00	0010	1	0010
C1	0	00	0001	1	0001
C1	1	00	0000	1	0000
C1	0	00	0100	0	0010
C1	0	00	0010	1	0010
C1	0	00	0001	1	0010
C1	1	00	0000	1	0000
C1	0	00	0100	0	0010
C1	0	00	0010	1	0010
C1	0	00	0001	1	0011
C1	1	00	0000	1	0000
C1	0	00	0100	0	0010
C1	0	00	0010	1	0010
C1	0	00	0001	1	0100
C1	1	00	0000	1	0000
C1	0	00	0100	0	0010
C1	0	00	0010	1	0010
C1	0	00	0001	1	0101
C1	1	00	0000	1	0000
C1	0	00	0100	0	0010
C1	0	00	0010	1	0010
C1	0	00	0001	1	0110
C1	1	00	0000	1	0000
C1	0	00	0100	0	0010
C1	0	00	0010	1	0010
C1	0	00	0001	1	0111
C1	1	00	0000	1	0000
C1	0	00	0100	0	0010
C1	0	00	0010	1	0010
C1	0	00	0001	1	1000
C1	1	00	0000	1	0000
C1	0	00	0100	0	0010
C1	0	00	0010	1	0010
C1	0	00	0001	1	1001
C1	1	00	0000	1	0000
C1	0	00	0100	0	0010
C1	0	00	0010	1	0011
C1	0	00	0001	1	0000
C1	1	00	0000	1	0000
C1	0	00	0100	0	0010
C1	0	00	0010	1	0011
C1	0	00	0001	1	0001
C1	1	00	0000	1	0000
C1	0	00	0100	0	0010
C1	0	00	0010	1	0011
C1	0	00	0001	1	0010
C1	1	00	0000	1	0000
C1	0	00	0100	0	0010
C1	0	00	0010	1	0011
C1	0	00	0001	1	0011
C1	1	00	0000	1	0000
C1	0	00	0100	0	0010
C1	0	00	0010	1	0011
C1	0	00	0001	1	0100
C1	1	00	0000	1	0000
C1	0	00	0100	0	0010
C1	0	00	0010	1	0011
C1	0	00	0001	1	0101
C1	1	00	0000	1	0000
C1	0	00	0100	0	0010
C1	0	00	0010	1	0011
C1	0	00	0001	1	0110
C1	1	00	0000	1	0000
C1	0	00	0100	0	0010
C1	0	00	0010	1	0011
C1	0	00	0001	1	0111
C1	1	00	0000	1	0000
C1	0	00	0100	0	0010
C1	0	00	0010	1	0011
C1	0	00	0001	1	1000
C1	1	00	0000	1	0000
C1	0	00	0100	0	0010
C1	0	00	0010	1	0011
C1	0	00	0001	1	1001
C1	1	00	0000	1	0000
C1	0	00	0100	0	0010
C1	0	00	0010	1	0100
C1	0	00	0001	1	0000
C1	1	00	0000	1	0000
C1	0	00	0100	0	0010
C1	0	00	0010	1	0100
C1	0	00	0001	1	0001
C1	1	00	0000	1	0000
C1	0	00	0100	0	0010
C1	0	00	0010	1	0100
C1	0	00	0001	1	0010
C1	1	00	0000	1	0000
C1	0	00	0100	0	0010
C1	0	00	0010	1	0100
C1	0	00	0001	1	0011
C1	1	00	0000	1	0000
C1	0	00	0100	0	0010
C1	0	00	0010	1	0100
C1	0	00	0001	1	0100
C1	1	00	0000	1	0000
C1	0	00	0100	0	0010
C1	0	00	0010	1	0100
C1	0	00	0001	1	0101
C1	1	00	0000	1	0000
C1	0	00	0100	0	0010
C1	0	00	0010	1	0100
C1	0	00	0001	1	0110
C1	1	00	0000	1	0000
C1	0	00	0100	0	0010
C1	0	00	0010	1	0100
C1	0	00	0001	1	0111
C1	1	00	0000	1	0000
C1	0	00	0100	0	0010
C1	0	00	0010	1	0100
C1	0	00	0001	1	1000
C1	1	00	0000	1	0000
C1	0	00	0100	0	0010
C1	0	00	0010	1	0100
C1	0	00	0001	1	1001
C1	1	00	0000	1	0000
C1	0	00	0100	0	0010
C1	0	00	0010	1	0101
C1	0	00	0001	1	0000
C1	1	00	0000	1	0000
C1	0	00	0100	0	0010
C1	0	00	0010	1	0101
C1	0	00	0001	1	0001
C1	1	00	0000	1	0000
C1	0	00	0100	0	0010
C1	0	00	0010	1	0101
C1	0	00	0001	1	0010
C1	1	00	0000	1	0000
C1	0	00	0100	0	0010
C1	0	00	0010	1	0101
C1	0	00	0001	1	0011
C1	1	00	0000	1	0000
C1	0	00	0100	0	0010
C1	0	00	0010	1	0101
C1	0	00	0001	1	0100
C1	1	00	0000	1	0000
C1	0	00	0100	0	0010
C1	0	00	0010	1	0101
C1	0	00	0001	1	0101
C1	1	00	0000	1	0000
C1	0	00	0100	0	0010
C1	0	00	0010	1	0101
C1	0	00	0001	1	0110
C1	1	00	0000	1	0000
C1	0	00	0100	0	0010
C1	0	00	0010	1	0101
C1	0	00	0001	1	0111
C1	1	00	0000	1	0000
C1	0	00	0100	0	0010
C1	0	00	0010	1	0101
C1	0	00	0001	1	1000
C1	1	00	0000	1	0000
C1	0	00	0100	0	0010
C1	0	00	0010	1	0101
C1	0	00	0001	1	1001
C1	1	00	0000	1	0000
C1	0	00	0100	0	0011
C1	0	00	0010	1	0000
C1	0	00	0001	1	0000
C1	1	00	0000	1	0000
C1	0	00	0100	0	0011
C1	0	00	0010	1	0000
C1	0	00	0001	1	0001
C1	1	00	0000	1	0000
C1	0	00	0100	0	0011
C1	0	00	0010	1	0000
C1	0	00	0001	1	0010
C1	1	00	0000	1	0000
C1	0	00	0100	0	0011
C1	0	00	0010	1	0000
C1	0	00	0001	1	0011
C1	1	00	0000	1	0000
C1	0	00	0100	0	0011
C1	0	00	0010	1	0000
C1	0	00	0001	1	0100
C1	1	00	0000	1	0000
C1	0	00	0100	0	0011
C1	0	00	0010	1	0000
C1	0	00	0001	1	0101
C1	1	00	0000	1	0000
C1	0	00	0100	0	0011
C1	0	00	0010	1	0000
C1	0	00	0001	1	0110
C1	1	00	0000	1	0000
C1	0	00	0100	0	0011
C1	0	00	0010	1	0000
C1	0	00	0001	1	0111
C1	1	00	0000	1	0000
C1	0	00	0100	0	0011
C1	0	00	0010	1	0000
C1	0	00	0001	1	1000
C1	1	00	0000	1	0000
C1	0	00	0100	0	0011
C1	0	00	0010	1	0000
C1	0	00	0001	1	1001
C1	1	00	0000	1	0000
C1	0	00	0100	0	0011
C1	0	00	0010	1	0001
C1	0	00	0001	1	0000
C1	1	00	0000	1	0000
C1	0	00	0100	0	0011
C1	0	00	0010	1	0001
C1	0	00	0001	1	0001
C1	1	00	0000	1	0000
C1	0	00	0100	0	0011
C1	0	00	0010	1	0001
C1	0	00	0001	1	0010
C1	1	00	0000	1	0000
C1	0	00	0100	0	0011
C1	0	00	0010	1	0001
C1	0	00	0001	1	0011
C1	1	00	0000	1	0000
C1	0	00	0100	0	0011
C1	0	00	0010	1	0001
C1	0	00	0001	1	0100
C1	1	00	0000	1	0000
C1	0	00	0100	0	0011
C1	0	00	0010	1	0001
C1	0	00	0001	1	0101
C1	1	00	0000	1	0000
C1	0	00	0100	0	0011
C1	0	00	0010	1	0001
C1	0	00	0001	1	0110
C1	1	00	0000	1	0000
C1	0	00	0100	0	0011
C1	0	00	0010	1	0001
C1	0	00	0001	1	0111
C1	1	00	0000	1	0000
C1	0	00	0100	0	0011
C1	0	00	0010	1	0001
C1	0	00	0001	1	1000
C1	1	00	0000	1	0000
C1	0	00	0100	0	0011
C1	0	00	0010	1	0001
C1	0	00	0001	1	1001
C1	1	00	0000	1	0000
C1	0	00	0100	0	0011
C1	0	00	0010	1	0010
C1	0	00	0001	1	0000
C1	1	00	0000	1	0000
C1	0	00	0100	0	0011
C1	0	00	0010	1	0010
C1	0	00	0001	1	0001
C1	1	00	0000	1	0000
C1	0	00	0100	0	0011
C1	0	00	0010	1	0010
C1	0	00	0001	1	0010
C1	1	00	0000	1	0000
C1	0	00	0100	0	0011
C1	0	00	0010	1	0010
C1	0	00	0001	1	0011
C1	1	00	0000	1	0000
C1	0	00	0100	0	0011
C1	0	00	0010	1	0010
C1	0	00	0001	1	0100
C1	1	00	0000	1	0000
C1	0	00	0100	0	0011
C1	0	00	0010	1	0010
C1	0	00	0001	1	0101
C1	1	00	0000	1	0000
C1	0	00	0100	0	0011
C1	0	00	0010	1	0010
C1	0	00	0001	1	0110
C1	1	00	0000	1	0000
C1	0	00	0100	0	0011
C1	0	00	0010	1	0010
C1	0	00	0001	1	0111
C1	1	00	0000	1	0000
C1	0	00	0100	0	0011
C1	0	00	0010	1	0010
C1	0	00	0001	1	1000
C1	1	00	0000	1	0000
C1	0	00	0100	0	0011
C1	0	00	0010	1	0010
C1	0	00	0001	1	1001
C1	1	00	0000	1	0000
C1	0	00	0100	0	0011
C1	0	00	0010	1	0011
C1	0	00	0001	1	0000
C1	1	00	0000	1	0000
C1	0	00	0100	0	0011
C1	0	00	0010	1	0011
C1	0	00	0001	1	0001
C1	1	00	0000	1	0000
C1	0	00	0100	0	0011
C1	0	00	0010	1	0011
C1	0	00	0001	1	0010
C1	1	00	0000	1	0000
C1	0	00	0100	0	0011
C1	0	00	0010	1	0011
C1	0	00	0001	1	0011
C1	1	00	0000	1	0000
C1	0	00	0100	0	0011
C1	0	00	0010	1	0011
C1	0	00	0001	1	0100
C1	1	00	0000	1	0000
C1	0	00	0100	0	0011
C1	0	00	0010	1	0011
C1	0	00	0001	1	0101
C1	1	00	0000	1	0000
C1	0	00	0100	0	0011
C1	0	00	0010	1	0011
C1	0	00	0001	1	0110
C1	1	00	0000	1	0000
C1	0	00	0100	0	0011
C1	0	00	0010	1	0011
C1	0	00	0001	1	0111
C1	1	00	0000	1	0000
C1	0	00	0100	0	0011
C1	0	00	0010	1	0011
C1	0	00	0001	1	1000
C1	1	00	0000	1	0000
C1	0	00	0100	0	0011
C1	0	00	0010	1	0011
C1	0	00	0001	1	1001
C1	1	00	0000	1	0000
C1	0	00	0100	0	0011
C1	0	00	0010	1	0100
C1	0	00	0001	1	0000
C1	1	00	0000	1	0000
C1	0	00	0100	0	0011
C1	0	00	0010	1	0100
C1	0	00	0001	1	0001
C1	1	00	0000	1	0000
C1	0	00	0100	0	0011
C1	0	00	0010	1	0100
C1	0	00	0001	1	0010
C1	1	00	0000	1	0000
C1	0	00	0100	0	0011
C1	0	00	0010	1	0100
C1	0	00	0001	1	0011
C1	1	00	0000	1	0000
C1	0	00	0100	0	0011
C1	0	00	0010	1	0100
C1	0	00	0001	1	0100
C1	1	00	0000	1	0000
C1	0	00	0100	0	0011
C1	0	00	0010	1	0100
C1	0	00	0001	1	0101
C1	1	00	0000	1	0000
C1	0	00	0100	0	0011
C1	0	00	0010	1	0100
C1	0	00	0001	1	0110
C1	1	00	0000	1	0000
C1	0	00	0100	0	0011
C1	0	00	0010	1	0100
C1	0	00	0001	1	0111
C1	1	00	0000	1	0000
C1	0	00	0100	0	0011
C1	0	00	0010	1	0100
C1	0	00	0001	1	1000
C1	1	00	0000	1	0000
C1	0	00	0100	0	0011
C1	0	00	0010	1	0100
C1	0	00	0001	1	1001
C1	1	00	0000	1	0000
C1	0	00	0100	0	0011
C1	0	00	0010	1	0101
C1	0	00	0001	1	0000
C1	1	00	0000	1	0000
C1	0	00	0100	0	0011
C1	0	00	0010	1	0101
C1	0	00	0001	1	0001
C1	1	00	0000	1	0000
C1	0	00	0100	0	0011
C1	0	00	0010	1	0101
C1	0	00	0001	1	0010
C1	1	00	0000	1	0000
C1	0	00	0100	0	0011
C1	0	00	0010	1	0101
C1	0	00	0001	1	0011
C1	1	00	0000	1	0000
C1	0	00	0100	0	0011
C1	0	00	0010	1	0101
C1	0	00	0001	1	0100
C1	1	00	0000	1	0000
C1	0	00	0100	0	0011
C1	0	00	0010	1	0101
C1	0	00	0001	1	0101
C1	1	00	0000	1	0000
C1	0	00	0100	0	0011
C1	0	00	0010	1	0101
C1	0	00	0001	1	0110
C1	1	00	0000	1	0000
C1	0	00	0100	0	0011
C1	0	00	0010	1	0101
C1	0	00	0001	1	0111
C1	1	00	0000	1	0000
C1	0	00	0100	0	0011
C1	0	00	0010	1	0101
C1	0	00	0001	1	1000
C1	1	00	0000	1	0000
C1	0	00	0100	0	0011
C1	0	00	0010	1	0101
C1	0	00	0001	1	1001
C1	1	00	0000	1	0000
C1	0	00	0100	0	0100
C1	0	00	0010	1	0000
C1	0	00	0001	1	0000
C1	1	00	0000	1	0000
C1	0	00	0100	0	0100
C1	0	00	0010	1	0000
C1	0	00	0001	1	0001
C1	1	00	0000	1	0000
C1	0	00	0100	0	0100
C1	0	00	0010	1	0000
C1	0	00	0001	1	0010
C1	1	00	0000	1	0000
C1	0	00	0100	0	0100
C1	0	00	0010	1	0000
C1	0	00	0001	1	0011
C1	1	00	0000	1	0000
C1	0	00	0100	0	0100
C1	0	00	0010	1	0000
C1	0	00	0001	1	0100
C1	1	00	0000	1	0000
C1	0	00	0100	0	0100
C1	0	00	0010	1	0000
C1	0	00	0001	1	0101
C1	1	00	0000	1	0000
C1	0	00	0100	0	0100
C1	0	00	0010	1	0000
C1	0	00	0001	1	0110
C1	1	00	0000	1	0000
C1	0	00	0100	0	0100
C1	0	00	0010	1	0000
C1	0	00	0001	1	0111
C1	1	00	0000	1	0000
C1	0	00	0100	0	0100
C1	0	00	0010	1	0000
C1	0	00	0001	1	1000
C1	1	00	0000	1	0000
C1	0	00	0100	0	0100
C1	0	00	0010	1	0000
C1	0	00	0001	1	1001
C1	1	00	0000	1	0000
C1	0	00	0100	0	0100
C1	0	00	0010	1	0001
C1	0	00	0001	1	0000
C1	1	00	0000	1	0000
C1	0	00	0100	0	0100
C1	0	00	0010	1	0001
C1	0	00	0001	1	0001
C1	1	00	0000	1	0000
C1	0	00	0100	0	0100
C1	0	00	0010	1	0001
C1	0	00	0001	1	0010
C1	1	00	0000	1	0000
C1	0	00	0100	0	0100
C1	0	00	0010	1	0001
C1	0	00	0001	1	0011
C1	1	00	0000	1	0000
C1	0	00	0100	0	0100
C1	0	00	0010	1	0001
C1	0	00	0001	1	0100
C1	1	00	0000	1	0000
C1	0	00	0100	0	0100
C1	0	00	0010	1	0001
C1	0	00	0001	1	0101
C1	1	00	0000	1	0000
C1	0	00	0100	0	0100
C1	0	00	0010	1	0001
C1	0	00	0001	1	0110
C1	1	00	0000	1	0000
C1	0	00	0100	0	0100
C1	0	00	0010	1	0001
C1	0	00	0001	1	0111
C1	1	00	0000	1	0000
C1	0	00	0100	0	0100
C1	0	00	0010	1	0001
C1	0	00	0001	1	1000
C1	1	00	0000	1	0000
C1	0	00	0100	0	0100
C1	0	00	0010	1	0001
C1	0	00	0001	1	1001
C1	1	00	0000	1	0000
C1	0	00	0100	0	0100
C1	0	00	0010	1	0010
C1	0	00	0001	1	0000
C1	1	00	0000	1	0000
C1	0	00	0100	0	0100
C1	0	00	0010	1	0010
C1	0	00	0001	1	0001
C1	1	00	0000	1	0000
C1	0	00	0100	0	0100
C1	0	00	0010	1	0010
C1	0	00	0001	1	0010
C1	1	00	0000	1	0000
C1	0	00	0100	0	0100
C1	0	00	0010	1	0010
C1	0	00	0001	1	0011
C1	1	00	0000	1	0000
C1	0	00	0100	0	0100
C1	0	00	0010	1	0010
C1	0	00	0001	1	0100
C1	1	00	0000	1	0000
C1	0	00	0100	0	0100
C1	0	00	0010	1	0010
C1	0	00	0001	1	0101
C1	1	00	0000	1	0000
C1	0	00	0100	0	0100
C1	0	00	0010	1	0010
C1	0	00	0001	1	0110
C1	1	00	0000	1	0000
C1	0	00	0100	0	0100
C1	0	00	0010	1	0010
C1	0	00	0001	1	0111
C1	1	00	0000	1	0000
C1	0	00	0100	0	0100
C1	0	00	0010	1	0010
C1	0	00	0001	1	1000
C1	1	00	0000	1	0000
C1	0	00	0100	0	0100
C1	0	00	0010	1	0010
C1	0	00	0001	1	1001
C1	1	00	0000	1	0000
C1	0	00	0100	0	0100
C1	0	00	0010	1	0011
C1	0	00	0001	1	0000
C1	1	00	0000	1	0000
C1	0	00	0100	0	0100
C1	0	00	0010	1	0011
C1	0	00	0001	1	0001
C1	1	00	0000	1	0000
C1	0	00	0100	0	0100
C1	0	00	0010	1	0011
C1	0	00	0001	1	0010
C1	1	00	0000	1	0000
C1	0	00	0100	0	0100
C1	0	00	0010	1	0011
C1	0	00	0001	1	0011
C1	1	00	0000	1	0000
C1	0	00	0100	0	0100
C1	0	00	0010	1	0011
C1	0	00	0001	1	0100
C1	1	00	0000	1	0000
C1	0	00	0100	0	0100
C1	0	00	0010	1	0011
C1	0	00	0001	1	0101
C1	1	00	0000	1	0000
C1	0	00	0100	0	0100
C1	0	00	0010	1	0011
C1	0	00	0001	1	0110
C1	1	00	0000	1	0000
C1	0	00	0100	0	0100
C1	0	00	0010	1	0011
C1	0	00	0001	1	0111
C1	1	00	0000	1	0000
C1	0	00	0100	0	0100
C1	0	00	0010	1	0011
C1	0	00	0001	1	1000
C1	1	00	0000	1	0000
C1	0	00	0100	0	0100
C1	0	00	0010	1	0011
C1	0	00	0001	1	1001
C1	1	00	0000	1	0000
C1	0	00	0100	0	0100
C1	0	00	0010	1	0100
C1	0	00	0001	1	0000
C1	1	00	0000	1	0000
C1	0	00	0100	0	0100
C1	0	00	0010	1	0100
C1	0	00	0001	1	0001
C1	1	00	0000	1	0000
C1	0	00	0100	0	0100
C1	0	00	0010	1	0100
C1	0	00	0001	1	0010
C1	1	00	0000	1	0000
C1	0	00	0100	0	0100
C1	0	00	0010	1	0100
C1	0	00	0001	1	0011
C1	1	00	0000	1	0000
C1	0	00	0100	0	0100
C1	0	00	0010	1	0100
C1	0	00	0001	1	0100
C1	1	00	0000	1	0000
C1	0	00	0100	0	0100
C1	0	00	0010	1	0100
C1	0	00	0001	1	0101
C1	1	00	0000	1	0000
C1	0	00	0100	0	0100
C1	0	00	0010	1	0100
C1	0	00	0001	1	0110
C1	1	00	0000	1	0000
C1	0	00	0100	0	0100
C1	0	00	0010	1	0100
C1	0	00	0001	1	0111
C1	1	00	0000	1	0000
C1	0	00	0100	0	0100
C1	0	00	0010	1	0100
C1	0	00	0001	1	1000
C1	1	00	0000	1	0000
C1	0	00	0100	0	0100
C1	0	00	0010	1	0100
C1	0	00	0001	1	1001
C1	1	00	0000	1	0000
C1	0	00	0100	0	0100
C1	0	00	0010	1	0101
C1	0	00	0001	1	0000
C1	1	00	0000	1	0000
C1	0	00	0100	0	0100
C1	0	00	0010	1	0101
C1	0	00	0001	1	0001
C1	1	00	0000	1	0000
C1	0	00	0100	0	0100
C1	0	00	0010	1	0101
C1	0	00	0001	1	0010
C1	1	00	0000	1	0000
C1	0	00	0100	0	0100
C1	0	00	0010	1	0101
C1	0	00	0001	1	0011
C1	1	00	0000	1	0000
C1	0	00	0100	0	0100
C1	0	00	0010	1	0101
C1	0	00	0001	1	0100
C1	1	00	0000	1	0000
C1	0	00	0100	0	0100
C1	0	00	0010	1	0101
C1	0	00	0001	1	0101
C1	1	00	0000	1	0000
C1	0	00	0100	0	0100
C1	0	00	0010	1	0101
C1	0	00	0001	1	0110
C1	1	00	0000	1	0000
C1	0	00	0100	0	0100
C1	0	00	0010	1	0101
C1	0	00	0001	1	0111
C1	1	00	0000	1	0000
C1	0	00	0100	0	0100
C1	0	00	0010	1	0101
C1	0	00	0001	1	1000
C1	1	00	0000	1	0000
C1	0	00	0100	0	0100
C1	0	00	0010	1	0101
C1	0	00	0001	1	1001
C1	1	00	0000	1	0000
C1	0	00	0100	0	0101
C1	0	00	0010	1	0000
C1	0	00	0001	1	0000
C1	1	00	0000	1	0000
C1	0	00	0100	0	0101
C1	0	00	0010	1	0000
C1	0	00	0001	1	0001
C1	1	00	0000	1	0000
C1	0	00	0100	0	0101
C1	0	00	0010	1	0000
C1	0	00	0001	1	0010
C1	1	00	0000	1	0000
C1	0	00	0100	0	0101
C1	0	00	0010	1	0000
C1	0	00	0001	1	0011
C1	1	00	0000	1	0000
C1	0	00	0100	0	0101
C1	0	00	0010	1	0000
C1	0	00	0001	1	0100
C1	1	00	0000	1	0000
C1	0	00	0100	0	0101
C1	0	00	0010	1	0000
C1	0	00	0001	1	0101
C1	1	00	0000	1	0000
C1	0	00	0100	0	0101
C1	0	00	0010	1	0000
C1	0	00	0001	1	0110
C1	1	00	0000	1	0000
C1	0	00	0100	0	0101
C1	0	00	0010	1	0000
C1	0	00	0001	1	0111
C1	1	00	0000	1	0000
C1	0	00	0100	0	0101
C1	0	00	0010	1	0000
C1	0	00	0001	1	1000
C1	1	00	0000	1	0000
C1	0	00	0100	0	0101
C1	0	00	0010	1	0000
C1	0	00	0001	1	1001
C1	1	00	0000	1	0000
C1	0	00	0100	0	0101
C1	0	00	0010	1	0001
C1	0	00	0001	1	0000
C1	1	00	0000	1	0000
C1	0	00	0100	0	0101
C1	0	00	0010	1	0001
C1	0	00	0001	1	0001
C1	1	00	0000	1	0000
C1	0	00	0100	0	0101
C1	0	00	0010	1	0001
C1	0	00	0001	1	0010
C1	1	00	0000	1	0000
C1	0	00	0100	0	0101
C1	0	00	0010	1	0001
C1	0	00	0001	1	0011
C1	1	00	0000	1	0000
C1	0	00	0100	0	0101
C1	0	00	0010	1	0001
C1	0	00	0001	1	0100
C1	1	00	0000	1	0000
C1	0	00	0100	0	0101
C1	0	00	0010	1	0001
C1	0	00	0001	1	0101
C1	1	00	0000	1	0000
C1	0	00	0100	0	0101
C1	0	00	0010	1	0001
C1	0	00	0001	1	0110
C1	1	00	0000	1	0000
C1	0	00	0100	0	0101
C1	0	00	0010	1	0001
C1	0	00	0001	1	0111
C1	1	00	0000	1	0000
C1	0	00	0100	0	0101
C1	0	00	0010	1	0001
C1	0	00	0001	1	1000
C1	1	00	0000	1	0000
C1	0	00	0100	0	0101
C1	0	00	0010	1	0001
C1	0	00	0001	1	1001
C1	1	00	0000	1	0000
C1	0	00	0100	0	0101
C1	0	00	0010	1	0010
C1	0	00	0001	1	0000
C1	1	00	0000	1	0000
C1	0	00	0100	0	0101
C1	0	00	0010	1	0010
C1	0	00	0001	1	0001
C1	1	00	0000	1	0000
C1	0	00	0100	0	0101
C1	0	00	0010	1	0010
C1	0	00	0001	1	0010
C1	1	00	0000	1	0000
C1	0	00	0100	0	0101
C1	0	00	0010	1	0010
C1	0	00	0001	1	0011
C1	1	00	0000	1	0000
C1	0	00	0100	0	0101
C1	0	00	0010	1	0010
C1	0	00	0001	1	0100
C1	1	00	0000	1	0000
C1	0	00	0100	0	0101
C1	0	00	0010	1	0010
C1	0	00	0001	1	0101
C1	1	00	0000	1	0000
C1	0	00	0100	0	0101
C1	0	00	0010	1	0010
C1	0	00	0001	1	0110
C1	1	00	0000	1	0000
C1	0	00	0100	0	0101
C1	0	00	0010	1	0010
C1	0	00	0001	1	0111
C1	1	00	0000	1	0000
C1	0	00	0100	0	0101
C1	0	00	0010	1	0010
C1	0	00	0001	1	1000
C1	1	00	0000	1	0000
C1	0	00	0100	0	0101
C1	0	00	0010	1	0010
C1	0	00	0001	1	1001
C1	1	00	0000	1	0000
C1	0	00	0100	0	0101
C1	0	00	0010	1	0011
C1	0	00	0001	1	0000
C1	1	00	0000	1	0000
C1	0	00	0100	0	0101
C1	0	00	0010	1	0011
C1	0	00	0001	1	0001
C1	1	00	0000	1	0000
C1	0	00	0100	0	0101
C1	0	00	0010	1	0011
C1	0	00	0001	1	0010
C1	1	00	0000	1	0000
C1	0	00	0100	0	0101
C1	0	00	0010	1	0011
C1	0	00	0001	1	0011
C1	1	00	0000	1	0000
C1	0	00	0100	0	0101
C1	0	00	0010	1	0011
C1	0	00	0001	1	0100
C1	1	00	0000	1	0000
C1	0	00	0100	0	0101
C1	0	00	0010	1	0011
C1	0	00	0001	1	0101
C1	1	00	0000	1	0000
C1	0	00	0100	0	0101
C1	0	00	0010	1	0011
C1	0	00	0001	1	0110
C1	1	00	0000	1	0000
C1	0	00	0100	0	0101
C1	0	00	0010	1	0011
C1	0	00	0001	1	0111
C1	1	00	0000	1	0000
C1	0	00	0100	0	0101
C1	0	00	0010	1	0011
C1	0	00	0001	1	1000
C1	1	00	0000	1	0000
C1	0	00	0100	0	0101
C1	0	00	0010	1	0011
C1	0	00	0001	1	1001
C1	1	00	0000	1	0000
C1	0	00	0100	0	0101
C1	0	00	0010	1	0100
C1	0	00	0001	1	0000
C1	1	00	0000	1	0000
C1	0	00	0100	0	0101
C1	0	00	0010	1	0100
C1	0	00	0001	1	0001
C1	1	00	0000	1	0000
C1	0	00	0100	0	0101
C1	0	00	0010	1	0100
C1	0	00	0001	1	0010
C1	1	00	0000	1	0000
C1	0	00	0100	0	0101
C1	0	00	0010	1	0100
C1	0	00	0001	1	0011
C1	1	00	0000	1	0000
C1	0	00	0100	0	0101
C1	0	00	0010	1	0100
C1	0	00	0001	1	0100
C1	1	00	0000	1	0000
C1	0	00	0100	0	0101
C1	0	00	0010	1	0100
C1	0	00	0001	1	0101
C1	1	00	0000	1	0000
C1	0	00	0100	0	0101
C1	0	00	0010	1	0100
C1	0	00	0001	1	0110
C1	1	00	0000	1	0000
C1	0	00	0100	0	0101
C1	0	00	0010	1	0100
C1	0	00	0001	1	0111
C1	1	00	0000	1	0000
C1	0	00	0100	0	0101
C1	0	00	0010	1	0100
C1	0	00	0001	1	1000
C1	1	00	0000	1	0000
C1	0	00	0100	0	0101
C1	0	00	0010	1	0100
C1	0	00	0001	1	1001
C1	1	00	0000	1	0000
C1	0	00	0100	0	0101
C1	0	00	0010	1	0101
C1	0	00	0001	1	0000
C1	1	00	0000	1	0000
C1	0	00	0100	0	0101
C1	0	00	0010	1	0101
C1	0	00	0001	1	0001
C1	1	00	0000	1	0000
C1	0	00	0100	0	0101
C1	0	00	0010	1	0101
C1	0	00	0001	1	0010
C1	1	00	0000	1	0000
C1	0	00	0100	0	0101
C1	0	00	0010	1	0101
C1	0	00	0001	1	0011
C1	1	00	0000	1	0000
C1	0	00	0100	0	0101
C1	0	00	0010	1	0101
C1	0	00	0001	1	0100
C1	1	00	0000	1	0000
C1	0	00	0100	0	0101
C1	0	00	0010	1	0101
C1	0	00	0001	1	0101
C1	1	00	0000	1	0000
C1	0	00	0100	0	0101
C1	0	00	0010	1	0101
C1	0	00	0001	1	0110
C1	1	00	0000	1	0000
C1	0	00	0100	0	0101
C1	0	00	0010	1	0101
C1	0	00	0001	1	0111
C1	1	00	0000	1	0000
C1	0	00	0100	0	0101
C1	0	00	0010	1	0101
C1	0	00	0001	1	1000
C1	1	00	0000	1	0000
C1	0	00	0100	0	0101
C1	0	00	0010	1	0101
C1	0	00	0001	1	1001
C1	1	00	0000	1	0000
C1	0	00	0100	0	0110
C1	0	00	0010	1	0000
C1	0	00	0001	1	0000
C1	1	00	0000	1	0000
C1	0	00	0100	0	0110
C1	0	00	0010	1	0000
C1	0	00	0001	1	0001
C1	1	00	0000	1	0000
C1	0	00	0100	0	0110
C1	0	00	0010	1	0000
C1	0	00	0001	1	0010
C1	1	00	0000	1	0000
C1	0	00	0100	0	0110
C1	0	00	0010	1	0000
C1	0	00	0001	1	0011
C1	1	00	0000	1	0000
C1	0	00	0100	0	0110
C1	0	00	0010	1	0000
C1	0	00	0001	1	0100
C1	1	00	0000	1	0000
C1	0	00	0100	0	0110
C1	0	00	0010	1	0000
C1	0	00	0001	1	0101
C1	1	00	0000	1	0000
C1	0	00	0100	0	0110
C1	0	00	0010	1	0000
C1	0	00	0001	1	0110
C1	1	00	0000	1	0000
C1	0	00	0100	0	0110
C1	0	00	0010	1	0000
C1	0	00	0001	1	0111
C1	1	00	0000	1	0000
C1	0	00	0100	0	0110
C1	0	00	0010	1	0000
C1	0	00	0001	1	1000
C1	1	00	0000	1	0000
C1	0	00	0100	0	0110
C1	0	00	0010	1	0000
C1	0	00	0001	1	1001
C1	1	00	0000	1	0000
C1	0	00	0100	0	0110
C1	0	00	0010	1	0001
C1	0	00	0001	1	0000
C1	1	00	0000	1	0000
C1	0	00	0100	0	0110
C1	0	00	0010	1	0001
C1	0	00	0001	1	0001
C1	1	00	0000	1	0000
C1	0	00	0100	0	0110
C1	0	00	0010	1	0001
C1	0	00	0001	1	0010
C1	1	00	0000	1	0000
C1	0	00	0100	0	0110
C1	0	00	0010	1	0001
C1	0	00	0001	1	0011
C1	1	00	0000	1	0000
C1	0	00	0100	0	0110
C1	0	00	0010	1	0001
C1	0	00	0001	1	0100
C1	1	00	0000	1	0000
C1	0	00	0100	0	0110
C1	0	00	0010	1	0001
C1	0	00	0001	1	0101
C1	1	00	0000	1	0000
C1	0	00	0100	0	0110
C1	0	00	0010	1	0001
C1	0	00	0001	1	0110
C1	1	00	0000	1	0000
C1	0	00	0100	0	0110
C1	0	00	0010	1	0001
C1	0	00	0001	1	0111
C1	1	00	0000	1	0000
C1	0	00	0100	0	0110
C1	0	00	0010	1	0001
C1	0	00	0001	1	1000
C1	1	00	0000	1	0000
C1	0	00	0100	0	0110
C1	0	00	0010	1	0001
C1	0	00	0001	1	1001
C1	1	00	0000	1	0000
C1	0	00	0100	0	0110
C1	0	00	0010	1	0010
C1	0	00	0001	1	0000
C1	1	00	0000	1	0000
C1	0	00	0100	0	0110
C1	0	00	0010	1	0010
C1	0	00	0001	1	0001
C1	1	00	0000	1	0000
C1	0	00	0100	0	0110
C1	0	00	0010	1	0010
C1	0	00	0001	1	0010
C1	1	00	0000	1	0000
C1	0	00	0100	0	0110
C1	0	00	0010	1	0010
C1	0	00	0001	1	0011
C1	1	00	0000	1	0000
C1	0	00	0100	0	0110
C1	0	00	0010	1	0010
C1	0	00	0001	1	0100
C1	1	00	0000	1	0000
C1	0	00	0100	0	0110
C1	0	00	0010	1	0010
C1	0	00	0001	1	0101
C1	1	00	0000	1	0000
C1	0	00	0100	0	0110
C1	0	00	0010	1	0010
C1	0	00	0001	1	0110
C1	1	00	0000	1	0000
C1	0	00	0100	0	0110
C1	0	00	0010	1	0010
C1	0	00	0001	1	0111
C1	1	00	0000	1	0000
C1	0	00	0100	0	0110
C1	0	00	0010	1	0010
C1	0	00	0001	1	1000
C1	1	00	0000	1	0000
C1	0	00	0100	0	0110
C1	0	00	0010	1	0010
C1	0	00	0001	1	1001
C1	1	00	0000	1	0000
C1	0	00	0100	0	0110
C1	0	00	0010	1	0011
C1	0	00	0001	1	0000
C1	1	00	0000	1	0000
C1	0	00	0100	0	0110
C1	0	00	0010	1	0011
C1	0	00	0001	1	0001
C1	1	00	0000	1	0000
C1	0	00	0100	0	0110
C1	0	00	0010	1	0011
C1	0	00	0001	1	0010
C1	1	00	0000	1	0000
C1	0	00	0100	0	0110
C1	0	00	0010	1	0011
C1	0	00	0001	1	0011
C1	1	00	0000	1	0000
C1	0	00	0100	0	0110
C1	0	00	0010	1	0011
C1	0	00	0001	1	0100
C1	1	00	0000	1	0000
C1	0	00	0100	0	0110
C1	0	00	0010	1	0011
C1	0	00	0001	1	0101
C1	1	00	0000	1	0000
C1	0	00	0100	0	0110
C1	0	00	0010	1	0011
C1	0	00	0001	1	0110
C1	1	00	0000	1	0000
C1	0	00	0100	0	0110
C1	0	00	0010	1	0011
C1	0	00	0001	1	0111
C1	1	00	0000	1	0000
C1	0	00	0100	0	0110
C1	0	00	0010	1	0011
C1	0	00	0001	1	1000
C1	1	00	0000	1	0000
C1	0	00	0100	0	0110
C1	0	00	0010	1	0011
C1	0	00	0001	1	1001
C1	1	00	0000	1	0000
C1	0	00	0100	0	0110
C1	0	00	0010	1	0100
C1	0	00	0001	1	0000
C1	1	00	0000	1	0000
C1	0	00	0100	0	0110
C1	0	00	0010	1	0100
C1	0	00	0001	1	0001
C1	1	00	0000	1	0000
C1	0	00	0100	0	0110
C1	0	00	0010	1	0100
C1	0	00	0001	1	0010
C1	1	00	0000	1	0000
C1	0	00	0100	0	0110
C1	0	00	0010	1	0100
C1	0	00	0001	1	0011
C1	1	00	0000	1	0000
C1	0	00	0100	0	0110
C1	0	00	0010	1	0100
C1	0	00	0001	1	0100
C1	1	00	0000	1	0000
C1	0	00	0100	0	0110
C1	0	00	0010	1	0100
C1	0	00	0001	1	0101
C1	1	00	0000	1	0000
C1	0	00	0100	0	0110
C1	0	00	0010	1	0100
C1	0	00	0001	1	0110
C1	1	00	0000	1	0000
C1	0	00	0100	0	0110
C1	0	00	0010	1	0100
C1	0	00	0001	1	0111
C1	1	00	0000	1	0000
C1	0	00	0100	0	0110
C1	0	00	0010	1	0100
C1	0	00	0001	1	1000
C1	1	00	0000	1	0000
C1	0	00	0100	0	0110
C1	0	00	0010	1	0100
C1	0	00	0001	1	1001
C1	1	00	0000	1	0000
C1	0	00	0100	0	0110
C1	0	00	0010	1	0101
C1	0	00	0001	1	0000
C1	1	00	0000	1	0000
C1	0	00	0100	0	0110
C1	0	00	0010	1	0101
C1	0	00	0001	1	0001
C1	1	00	0000	1	0000
C1	0	00	0100	0	0110
C1	0	00	0010	1	0101
C1	0	00	0001	1	0010
C1	1	00	0000	1	0000
C1	0	00	0100	0	0110
C1	0	00	0010	1	0101
C1	0	00	0001	1	0011
C1	1	00	0000	1	0000
C1	0	00	0100	0	0110
C1	0	00	0010	1	0101
C1	0	00	0001	1	0100
C1	1	00	0000	1	0000
C1	0	00	0100	0	0110
C1	0	00	0010	1	0101
C1	0	00	0001	1	0101
C1	1	00	0000	1	0000
C1	0	00	0100	0	0110
C1	0	00	0010	1	0101
C1	0	00	0001	1	0110
C1	1	00	0000	1	0000
C1	0	00	0100	0	0110
C1	0	00	0010	1	0101
C1	0	00	0001	1	0111
C1	1	00	0000	1	0000
C1	0	00	0100	0	0110
C1	0	00	0010	1	0101
C1	0	00	0001	1	1000
C1	1	00	0000	1	0000
C1	0	00	0100	0	0110
C1	0	00	0010	1	0101
C1	0	00	0001	1	1001
C1	1	00	0000	1	0000
C1	0	00	0100	0	0111
C1	0	00	0010	1	0000
C1	0	00	0001	1	0000
C1	1	00	0000	1	0000
C1	0	00	0100	0	0111
C1	0	00	0010	1	0000
C1	0	00	0001	1	0001
C1	1	00	0000	1	0000
C1	0	00	0100	0	0111
C1	0	00	0010	1	0000
C1	0	00	0001	1	0010
C1	1	00	0000	1	0000
C1	0	00	0100	0	0111
C1	0	00	0010	1	0000
C1	0	00	0001	1	0011
C1	1	00	0000	1	0000
C1	0	00	0100	0	0111
C1	0	00	0010	1	0000
C1	0	00	0001	1	0100
C1	1	00	0000	1	0000
C1	0	00	0100	0	0111
C1	0	00	0010	1	0000
C1	0	00	0001	1	0101
C1	1	00	0000	1	0000
C1	0	00	0100	0	0111
C1	0	00	0010	1	0000
C1	0	00	0001	1	0110
C1	1	00	0000	1	0000
C1	0	00	0100	0	0111
C1	0	00	0010	1	0000
C1	0	00	0001	1	0111
C1	1	00	0000	1	0000
C1	0	00	0100	0	0111
C1	0	00	0010	1	0000
C1	0	00	0001	1	1000
C1	1	00	0000	1	0000
C1	0	00	0100	0	0111
C1	0	00	0010	1	0000
C1	0	00	0001	1	1001
C1	1	00	0000	1	0000
C1	0	00	0100	0	0111
C1	0	00	0010	1	0001
C1	0	00	0001	1	0000
C1	1	00	0000	1	0000
C1	0	00	0100	0	0111
C1	0	00	0010	1	0001
C1	0	00	0001	1	0001
C1	1	00	0000	1	0000
C1	0	00	0100	0	0111
C1	0	00	0010	1	0001
C1	0	00	0001	1	0010
C1	1	00	0000	1	0000
C1	0	00	0100	0	0111
C1	0	00	0010	1	0001
C1	0	00	0001	1	0011
C1	1	00	0000	1	0000
C1	0	00	0100	0	0111
C1	0	00	0010	1	0001
C1	0	00	0001	1	0100
C1	1	00	0000	1	0000
C1	0	00	0100	0	0111
C1	0	00	0010	1	0001
C1	0	00	0001	1	0101
C1	1	00	0000	1	0000
C1	0	00	0100	0	0111
C1	0	00	0010	1	0001
C1	0	00	0001	1	0110
C1	1	00	0000	1	0000
C1	0	00	0100	0	0111
C1	0	00	0010	1	0001
C1	0	00	0001	1	0111
C1	1	00	0000	1	0000
C1	0	00	0100	0	0111
C1	0	00	0010	1	0001
C1	0	00	0001	1	1000
C1	1	00	0000	1	0000
C1	0	00	0100	0	0111
C1	0	00	0010	1	0001
C1	0	00	0001	1	1001
C1	1	00	0000	1	0000
C1	0	00	0100	0	0111
C1	0	00	0010	1	0010
C1	0	00	0001	1	0000
C1	1	00	0000	1	0000
C1	0	00	0100	0	0111
C1	0	00	0010	1	0010
C1	0	00	0001	1	0001
C1	1	00	0000	1	0000
C1	0	00	0100	0	0111
C1	0	00	0010	1	0010
C1	0	00	0001	1	0010
C1	1	00	0000	1	0000
C1	0	00	0100	0	0111
C1	0	00	0010	1	0010
C1	0	00	0001	1	0011
C1	1	00	0000	1	0000
C1	0	00	0100	0	0111
C1	0	00	0010	1	0010
C1	0	00	0001	1	0100
C1	1	00	0000	1	0000
C1	0	00	0100	0	0111
C1	0	00	0010	1	0010
C1	0	00	0001	1	0101
C1	1	00	0000	1	0000
C1	0	00	0100	0	0111
C1	0	00	0010	1	0010
C1	0	00	0001	1	0110
C1	1	00	0000	1	0000
C1	0	00	0100	0	0111
C1	0	00	0010	1	0010
C1	0	00	0001	1	0111
C1	1	00	0000	1	0000
C1	0	00	0100	0	0111
C1	0	00	0010	1	0010
C1	0	00	0001	1	1000
C1	1	00	0000	1	0000
C1	0	00	0100	0	0111
C1	0	00	0010	1	0010
C1	0	00	0001	1	1001
C1	1	00	0000	1	0000
C1	0	00	0100	0	0111
C1	0	00	0010	1	0011
C1	0	00	0001	1	0000
C1	1	00	0000	1	0000
C1	0	00	0100	0	0111
C1	0	00	0010	1	0011
C1	0	00	0001	1	0001
C1	1	00	0000	1	0000
C1	0	00	0100	0	0111
C1	0	00	0010	1	0011
C1	0	00	0001	1	0010
C1	1	00	0000	1	0000
C1	0	00	0100	0	0111
C1	0	00	0010	1	0011
C1	0	00	0001	1	0011
C1	1	00	0000	1	0000
C1	0	00	0100	0	0111
C1	0	00	0010	1	0011
C1	0	00	0001	1	0100
C1	1	00	0000	1	0000
C1	0	00	0100	0	0111
C1	0	00	0010	1	0011
C1	0	00	0001	1	0101
C1	1	00	0000	1	0000
C1	0	00	0100	0	0111
C1	0	00	0010	1	0011
C1	0	00	0001	1	0110
C1	1	00	0000	1	0000
C1	0	00	0100	0	0111
C1	0	00	0010	1	0011
C1	0	00	0001	1	0111
C1	1	00	0000	1	0000
C1	0	00	0100	0	0111
C1	0	00	0010	1	0011
C1	0	00	0001	1	1000
C1	1	00	0000	1	0000
C1	0	00	0100	0	0111
C1	0	00	0010	1	0011
C1	0	00	0001	1	1001
C1	1	00	0000	1	0000
C1	0	00	0100	0	0111
C1	0	00	0010	1	0100
C1	0	00	0001	1	0000
C1	1	00	0000	1	0000
C1	0	00	0100	0	0111
C1	0	00	0010	1	0100
C1	0	00	0001	1	0001
C1	1	00	0000	1	0000
C1	0	00	0100	0	0111
C1	0	00	0010	1	0100
C1	0	00	0001	1	0010
C1	1	00	0000	1	0000
C1	0	00	0100	0	0111
C1	0	00	0010	1	0100
C1	0	00	0001	1	0011
C1	1	00	0000	1	0000
C1	0	00	0100	0	0111
C1	0	00	0010	1	0100
C1	0	00	0001	1	0100
C1	1	00	0000	1	0000
C1	0	00	0100	0	0111
C1	0	00	0010	1	0100
C1	0	00	0001	1	0101
C1	1	00	0000	1	0000
C1	0	00	0100	0	0111
C1	0	00	0010	1	0100
C1	0	00	0001	1	0110
C1	1	00	0000	1	0000
C1	0	00	0100	0	0111
C1	0	00	0010	1	0100
C1	0	00	0001	1	0111
C1	1	00	0000	1	0000
C1	0	00	0100	0	0111
C1	0	00	0010	1	0100
C1	0	00	0001	1	1000
C1	1	00	0000	1	0000
C1	0	00	0100	0	0111
C1	0	00	0010	1	0100
C1	0	00	0001	1	1001
C1	1	00	0000	1	0000
C1	0	00	0100	0	0111
C1	0	00	0010	1	0101
C1	0	00	0001	1	0000
C1	1	00	0000	1	0000
C1	0	00	0100	0	0111
C1	0	00	0010	1	0101
C1	0	00	0001	1	0001
C1	1	00	0000	1	0000
C1	0	00	0100	0	0111
C1	0	00	0010	1	0101
C1	0	00	0001	1	0010
C1	1	00	0000	1	0000
C1	0	00	0100	0	0111
C1	0	00	0010	1	0101
C1	0	00	0001	1	0011
C1	1	00	0000	1	0000
C1	0	00	0100	0	0111
C1	0	00	0010	1	0101
C1	0	00	0001	1	0100
C1	1	00	0000	1	0000
C1	0	00	0100	0	0111
C1	0	00	0010	1	0101
C1	0	00	0001	1	0101
C1	1	00	0000	1	0000
C1	0	00	0100	0	0111
C1	0	00	0010	1	0101
C1	0	00	0001	1	0110
C1	1	00	0000	1	0000
C1	0	00	0100	0	0111
C1	0	00	0010	1	0101
C1	0	00	0001	1	0111
C1	1	00	0000	1	0000
C1	0	00	0100	0	0111
C1	0	00	0010	1	0101
C1	0	00	0001	1	1000
C1	1	00	0000	1	0000
C1	0	00	0100	0	0111
C1	0	00	0010	1	0101
C1	0	00	0001	1	1001
C1	1	00	0000	1	0000
C1	0	00	0100	0	1000
C1	0	00	0010	1	0000
C1	0	00	0001	1	0000
C1	1	00	0000	1	0000
C1	0	00	0100	0	1000
C1	0	00	0010	1	0000
C1	0	00	0001	1	0001
C1	1	00	0000	1	0000
C1	0	00	0100	0	1000
C1	0	00	0010	1	0000
C1	0	00	0001	1	0010
C1	1	00	0000	1	0000
C1	0	00	0100	0	1000
C1	0	00	0010	1	0000
C1	0	00	0001	1	0011
C1	1	00	0000	1	0000
C1	0	00	0100	0	1000
C1	0	00	0010	1	0000
C1	0	00	0001	1	0100
C1	1	00	0000	1	0000
C1	0	00	0100	0	1000
C1	0	00	0010	1	0000
C1	0	00	0001	1	0101
C1	1	00	0000	1	0000
C1	0	00	0100	0	1000
C1	0	00	0010	1	0000
C1	0	00	0001	1	0110
C1	1	00	0000	1	0000
C1	0	00	0100	0	1000
C1	0	00	0010	1	0000
C1	0	00	0001	1	0111
C1	1	00	0000	1	0000
C1	0	00	0100	0	1000
C1	0	00	0010	1	0000
C1	0	00	0001	1	1000
C1	1	00	0000	1	0000
C1	0	00	0100	0	1000
C1	0	00	0010	1	0000
C1	0	00	0001	1	1001
C1	1	00	0000	1	0000
C1	0	00	0100	0	1000
C1	0	00	0010	1	0001
C1	0	00	0001	1	0000
C1	1	00	0000	1	0000
C1	0	00	0100	0	1000
C1	0	00	0010	1	0001
C1	0	00	0001	1	0001
C1	1	00	0000	1	0000
C1	0	00	0100	0	1000
C1	0	00	0010	1	0001
C1	0	00	0001	1	0010
C1	1	00	0000	1	0000
C1	0	00	0100	0	1000
C1	0	00	0010	1	0001
C1	0	00	0001	1	0011
C1	1	00	0000	1	0000
C1	0	00	0100	0	1000
C1	0	00	0010	1	0001
C1	0	00	0001	1	0100
C1	1	00	0000	1	0000
C1	0	00	0100	0	1000
C1	0	00	0010	1	0001
C1	0	00	0001	1	0101
C1	1	00	0000	1	0000
C1	0	00	0100	0	1000
C1	0	00	0010	1	0001
C1	0	00	0001	1	0110
C1	1	00	0000	1	0000
C1	0	00	0100	0	1000
C1	0	00	0010	1	0001
C1	0	00	0001	1	0111
C1	1	00	0000	1	0000
C1	0	00	0100	0	1000
C1	0	00	0010	1	0001
C1	0	00	0001	1	1000
C1	1	00	0000	1	0000
C1	0	00	0100	0	1000
C1	0	00	0010	1	0001
C1	0	00	0001	1	1001
C1	1	00	0000	1	0000
C1	0	00	0100	0	1000
C1	0	00	0010	1	0010
C1	0	00	0001	1	0000
C1	1	00	0000	1	0000
C1	0	00	0100	0	1000
C1	0	00	0010	1	0010
C1	0	00	0001	1	0001
C1	1	00	0000	1	0000
C1	0	00	0100	0	1000
C1	0	00	0010	1	0010
C1	0	00	0001	1	0010
C1	1	00	0000	1	0000
C1	0	00	0100	0	1000
C1	0	00	0010	1	0010
C1	0	00	0001	1	0011
C1	1	00	0000	1	0000
C1	0	00	0100	0	1000
C1	0	00	0010	1	0010
C1	0	00	0001	1	0100
C1	1	00	0000	1	0000
C1	0	00	0100	0	1000
C1	0	00	0010	1	0010
C1	0	00	0001	1	0101
C1	1	00	0000	1	0000
C1	0	00	0100	0	1000
C1	0	00	0010	1	0010
C1	0	00	0001	1	0110
C1	1	00	0000	1	0000
C1	0	00	0100	0	1000
C1	0	00	0010	1	0010
C1	0	00	0001	1	0111
C1	1	00	0000	1	0000
C1	0	00	0100	0	1000
C1	0	00	0010	1	0010
C1	0	00	0001	1	1000
C1	1	00	0000	1	0000
C1	0	00	0100	0	1000
C1	0	00	0010	1	0010
C1	0	00	0001	1	1001
C1	1	00	0000	1	0000
C1	0	00	0100	0	1000
C1	0	00	0010	1	0011
C1	0	00	0001	1	0000
C1	1	00	0000	1	0000
C1	0	00	0100	0	1000
C1	0	00	0010	1	0011
C1	0	00	0001	1	0001
C1	1	00	0000	1	0000
C1	0	00	0100	0	1000
C1	0	00	0010	1	0011
C1	0	00	0001	1	0010
C1	1	00	0000	1	0000
C1	0	00	0100	0	1000
C1	0	00	0010	1	0011
C1	0	00	0001	1	0011
C1	1	00	0000	1	0000
C1	0	00	0100	0	1000
C1	0	00	0010	1	0011
C1	0	00	0001	1	0100
C1	1	00	0000	1	0000
C1	0	00	0100	0	1000
C1	0	00	0010	1	0011
C1	0	00	0001	1	0101
C1	1	00	0000	1	0000
C1	0	00	0100	0	1000
C1	0	00	0010	1	0011
C1	0	00	0001	1	0110
C1	1	00	0000	1	0000
C1	0	00	0100	0	1000
C1	0	00	0010	1	0011
C1	0	00	0001	1	0111
C1	1	00	0000	1	0000
C1	0	00	0100	0	1000
C1	0	00	0010	1	0011
C1	0	00	0001	1	1000
C1	1	00	0000	1	0000
C1	0	00	0100	0	1000
C1	0	00	0010	1	0011
C1	0	00	0001	1	1001
C1	1	00	0000	1	0000
C1	0	00	0100	0	1000
C1	0	00	0010	1	0100
C1	0	00	0001	1	0000
C1	1	00	0000	1	0000
C1	0	00	0100	0	1000
C1	0	00	0010	1	0100
C1	0	00	0001	1	0001
C1	1	00	0000	1	0000
C1	0	00	0100	0	1000
C1	0	00	0010	1	0100
C1	0	00	0001	1	0010
C1	1	00	0000	1	0000
C1	0	00	0100	0	1000
C1	0	00	0010	1	0100
C1	0	00	0001	1	0011
C1	1	00	0000	1	0000
C1	0	00	0100	0	1000
C1	0	00	0010	1	0100
C1	0	00	0001	1	0100
C1	1	00	0000	1	0000
C1	0	00	0100	0	1000
C1	0	00	0010	1	0100
C1	0	00	0001	1	0101
C1	1	00	0000	1	0000
C1	0	00	0100	0	1000
C1	0	00	0010	1	0100
C1	0	00	0001	1	0110
C1	1	00	0000	1	0000
C1	0	00	0100	0	1000
C1	0	00	0010	1	0100
C1	0	00	0001	1	0111
C1	1	00	0000	1	0000
C1	0	00	0100	0	1000
C1	0	00	0010	1	0100
C1	0	00	0001	1	1000
C1	1	00	0000	1	0000
C1	0	00	0100	0	1000
C1	0	00	0010	1	0100
C1	0	00	0001	1	1001
C1	1	00	0000	1	0000
C1	0	00	0100	0	1000
C1	0	00	0010	1	0101
C1	0	00	0001	1	0000
C1	1	00	0000	1	0000
C1	0	00	0100	0	1000
C1	0	00	0010	1	0101
C1	0	00	0001	1	0001
C1	1	00	0000	1	0000
C1	0	00	0100	0	1000
C1	0	00	0010	1	0101
C1	0	00	0001	1	0010
C1	1	00	0000	1	0000
C1	0	00	0100	0	1000
C1	0	00	0010	1	0101
C1	0	00	0001	1	0011
C1	1	00	0000	1	0000
C1	0	00	0100	0	1000
C1	0	00	0010	1	0101
C1	0	00	0001	1	0100
C1	1	00	0000	1	0000
C1	0	00	0100	0	1000
C1	0	00	0010	1	0101
C1	0	00	0001	1	0101
C1	1	00	0000	1	0000
C1	0	00	0100	0	1000
C1	0	00	0010	1	0101
C1	0	00	0001	1	0110
C1	1	00	0000	1	0000
C1	0	00	0100	0	1000
C1	0	00	0010	1	0101
C1	0	00	0001	1	0111
C1	1	00	0000	1	0000
C1	0	00	0100	0	1000
C1	0	00	0010	1	0101
C1	0	00	0001	1	1000
C1	1	00	0000	1	0000
C1	0	00	0100	0	1000
C1	0	00	0010	1	0101
C1	0	00	0001	1	1001
C1	1	00	0000	1	0000
C1	0	00	0100	0	1001
C1	0	00	0010	1	0000
C1	0	00	0001	1	0000
C1	1	00	0000	1	0000
C1	0	00	0100	0	1001
C1	0	00	0010	1	0000
C1	0	00	0001	1	0001
C1	1	00	0000	1	0000
C1	0	00	0100	0	1001
C1	0	00	0010	1	0000
C1	0	00	0001	1	0010
C1	1	00	0000	1	0000
C1	0	00	0100	0	1001
C1	0	00	0010	1	0000
C1	0	00	0001	1	0011
C1	1	00	0000	1	0000
C1	0	00	0100	0	1001
C1	0	00	0010	1	0000
C1	0	00	0001	1	0100
C1	1	00	0000	1	0000
C1	0	00	0100	0	1001
C1	0	00	0010	1	0000
C1	0	00	0001	1	0101
C1	1	00	0000	1	0000
C1	0	00	0100	0	1001
C1	0	00	0010	1	0000
C1	0	00	0001	1	0110
C1	1	00	0000	1	0000
C1	0	00	0100	0	1001
C1	0	00	0010	1	0000
C1	0	00	0001	1	0111
C1	1	00	0000	1	0000
C1	0	00	0100	0	1001
C1	0	00	0010	1	0000
C1	0	00	0001	1	1000
C1	1	00	0000	1	0000
C1	0	00	0100	0	1001
C1	0	00	0010	1	0000
C1	0	00	0001	1	1001
C1	1	00	0000	1	0000
C1	0	00	0100	0	1001
C1	0	00	0010	1	0001
C1	0	00	0001	1	0000
C1	1	00	0000	1	0000
C1	0	00	0100	0	1001
C1	0	00	0010	1	0001
C1	0	00	0001	1	0001
C1	1	00	0000	1	0000
C1	0	00	0100	0	1001
C1	0	00	0010	1	0001
C1	0	00	0001	1	0010
C1	1	00	0000	1	0000
C1	0	00	0100	0	1001
C1	0	00	0010	1	0001
C1	0	00	0001	1	0011
C1	1	00	0000	1	0000
C1	0	00	0100	0	1001
C1	0	00	0010	1	0001
C1	0	00	0001	1	0100
C1	1	00	0000	1	0000
C1	0	00	0100	0	1001
C1	0	00	0010	1	0001
C1	0	00	0001	1	0101
C1	1	00	0000	1	0000
C1	0	00	0100	0	1001
C1	0	00	0010	1	0001
C1	0	00	0001	1	0110
C1	1	00	0000	1	0000
C1	0	00	0100	0	1001
C1	0	00	0010	1	0001
C1	0	00	0001	1	0111
C1	1	00	0000	1	0000
C1	0	00	0100	0	1001
C1	0	00	0010	1	0001
C1	0	00	0001	1	1000
C1	1	00	0000	1	0000
C1	0	00	0100	0	1001
C1	0	00	0010	1	0001
C1	0	00	0001	1	1001
C1	1	00	0000	1	0000
C1	0	00	0100	0	1001
C1	0	00	0010	1	0010
C1	0	00	0001	1	0000
C1	1	00	0000	1	0000
C1	0	00	0100	0	1001
C1	0	00	0010	1	0010
C1	0	00	0001	1	0001
C1	1	00	0000	1	0000
C1	0	00	0100	0	1001
C1	0	00	0010	1	0010
C1	0	00	0001	1	0010
C1	1	00	0000	1	0000
C1	0	00	0100	0	1001
C1	0	00	0010	1	0010
C1	0	00	0001	1	0011
C1	1	00	0000	1	0000
C1	0	00	0100	0	1001
C1	0	00	0010	1	0010
C1	0	00	0001	1	0100
C1	1	00	0000	1	0000
C1	0	00	0100	0	1001
C1	0	00	0010	1	0010
C1	0	00	0001	1	0101
C1	1	00	0000	1	0000
C1	0	00	0100	0	1001
C1	0	00	0010	1	0010
C1	0	00	0001	1	0110
C1	1	00	0000	1	0000
C1	0	00	0100	0	1001
C1	0	00	0010	1	0010
C1	0	00	0001	1	0111
C1	1	00	0000	1	0000
C1	0	00	0100	0	1001
C1	0	00	0010	1	0010
C1	0	00	0001	1	1000
C1	1	00	0000	1	0000
C1	0	00	0100	0	1001
C1	0	00	0010	1	0010
C1	0	00	0001	1	1001
C1	1	00	0000	1	0000
C1	0	00	0100	0	1001
C1	0	00	0010	1	0011
C1	0	00	0001	1	0000
C1	1	00	0000	1	0000
C1	0	00	0100	0	1001
C1	0	00	0010	1	0011
C1	0	00	0001	1	0001
C1	1	00	0000	1	0000
C1	0	00	0100	0	1001
C1	0	00	0010	1	0011
C1	0	00	0001	1	0010
C1	1	00	0000	1	0000
C1	0	00	0100	0	1001
C1	0	00	0010	1	0011
C1	0	00	0001	1	0011
C1	1	00	0000	1	0000
C1	0	00	0100	0	1001
C1	0	00	0010	1	0011
C1	0	00	0001	1	0100
C1	1	00	0000	1	0000
C1	0	00	0100	0	1001
C1	0	00	0010	1	0011
C1	0	00	0001	1	0101
C1	1	00	0000	1	0000
C1	0	00	0100	0	1001
C1	0	00	0010	1	0011
C1	0	00	0001	1	0110
C1	1	00	0000	1	0000
C1	0	00	0100	0	1001
C1	0	00	0010	1	0011
C1	0	00	0001	1	0111
C1	1	00	0000	1	0000
C1	0	00	0100	0	1001
C1	0	00	0010	1	0011
C1	0	00	0001	1	1000
C1	1	00	0000	1	0000
C1	0	00	0100	0	1001
C1	0	00	0010	1	0011
C1	0	00	0001	1	1001
C1	1	00	0000	1	0000
C1	0	00	0100	0	1001
C1	0	00	0010	1	0100
C1	0	00	0001	1	0000
C1	1	00	0000	1	0000
C1	0	00	0100	0	1001
C1	0	00	0010	1	0100
C1	0	00	0001	1	0001
C1	1	00	0000	1	0000
C1	0	00	0100	0	1001
C1	0	00	0010	1	0100
C1	0	00	0001	1	0010
C1	1	00	0000	1	0000
C1	0	00	0100	0	1001
C1	0	00	0010	1	0100
C1	0	00	0001	1	0011
C1	1	00	0000	1	0000
C1	0	00	0100	0	1001
C1	0	00	0010	1	0100
C1	0	00	0001	1	0100
C1	1	00	0000	1	0000
C1	0	00	0100	0	1001
C1	0	00	0010	1	0100
C1	0	00	0001	1	0101
C1	1	00	0000	1	0000
C1	0	00	0100	0	1001
C1	0	00	0010	1	0100
C1	0	00	0001	1	0110
C1	1	00	0000	1	0000
C1	0	00	0100	0	1001
C1	0	00	0010	1	0100
C1	0	00	0001	1	0111
C1	1	00	0000	1	0000
C1	0	00	0100	0	1001
C1	0	00	0010	1	0100
C1	0	00	0001	1	1000
C1	1	00	0000	1	0000
C1	0	00	0100	0	1001
C1	0	00	0010	1	0100
C1	0	00	0001	1	1001
C1	1	00	0000	1	0000
C1	0	00	0100	0	1001
C1	0	00	0010	1	0101
C1	0	00	0001	1	0000
C1	1	00	0000	1	0000
C1	0	00	0100	0	1001
C1	0	00	0010	1	0101
C1	0	00	0001	1	0001
C1	1	00	0000	1	0000
C1	0	00	0100	0	1001
C1	0	00	0010	1	0101
C1	0	00	0001	1	0010
C1	1	00	0000	1	0000
C1	0	00	0100	0	1001
C1	0	00	0010	1	0101
C1	0	00	0001	1	0011
C1	1	00	0000	1	0000
C1	0	00	0100	0	1001
C1	0	00	0010	1	0101
C1	0	00	0001	1	0100
C1	1	00	0000	1	0000
C1	0	00	0100	0	1001
C1	0	00	0010	1	0101
C1	0	00	0001	1	0101
C1	1	00	0000	1	0000
C1	0	00	0100	0	1001
C1	0	00	0010	1	0101
C1	0	00	0001	1	0110
C1	1	00	0000	1	0000
C1	0	00	0100	0	1001
C1	0	00	0010	1	0101
C1	0	00	0001	1	0111
C1	1	00	0000	1	0000
C1	0	00	0100	0	1001
C1	0	00	0010	1	0101
C1	0	00	0001	1	1000
C1	1	00	0000	1	0000
C1	0	00	0100	0	1001
C1	0	00	0010	1	0101
C1	0	00	0001	1	1001
C1	1	00	1000	1	0001
C1	0	00	0100	0	0000
C1	0	00	0010	1	0000
C1	0	00	0001	1	0000
C1	1	00	1000	1	0001
C1	0	00	0100	0	0000
C1	0	00	0010	1	0000
C1	0	00	0001	1	0001
C1	1	00	1000	1	0001
C1	0	00	0100	0	0000
C1	0	00	0010	1	0000
C1	0	00	0001	1	0010
C1	1	00	1000	1	0001
C1	0	00	0100	0	0000
C1	0	00	0010	1	0000
C1	0	00	0001	1	0011
C1	1	00	1000	1	0001
C1	0	00	0100	0	0000
C1	0	00	0010	1	0000
C1	0	00	0001	1	0100
C1	1	00	1000	1	0001
C1	0	00	0100	0	0000
C1	0	00	0010	1	0000
C1	0	00	0001	1	0101
C1	1	00	1000	1	0001
C1	0	00	0100	0	0000
C1	0	00	0010	1	0000
C1	0	00	0001	1	0110
C1	1	00	1000	1	0001
C1	0	00	0100	0	0000
C1	0	00	0010	1	0000
C1	0	00	0001	1	0111
C1	1	00	1000	1	0001
C1	0	00	0100	0	0000
C1	0	00	0010	1	0000
C1	0	00	0001	1	1000
C1	1	00	1000	1	0001
C1	0	00	0100	0	0000
C1	0	00	0010	1	0000
C1	0	00	0001	1	1001
C1	1	00	1000	1	0001
C1	0	00	0100	0	0000
C1	0	00	0010	1	0001
C1	0	00	0001	1	0000
C1	1	00	1000	1	0001
C1	0	00	0100	0	0000
C1	0	00	0010	1	0001
C1	0	00	0001	1	0001
C1	1	00	1000	1	0001
C1	0	00	0100	0	0000
C1	0	00	0010	1	0001
C1	0	00	0001	1	0010
C1	1	00	1000	1	0001
C1	0	00	0100	0	0000
C1	0	00	0010	1	0001
C1	0	00	0001	1	0011
C1	1	00	1000	1	0001
C1	0	00	0100	0	0000
C1	0	00	0010	1	0001
C1	0	00	0001	1	0100
C1	1	00	1000	1	0001
C1	0	00	0100	0	0000
C1	0	00	0010	1	0001
C1	0	00	0001	1	0101
C1	1	00	1000	1	0001
C1	0	00	0100	0	0000
C1	0	00	0010	1	0001
C1	0	00	0001	1	0110
C1	1	00	1000	1	0001
C1	0	00	0100	0	0000
C1	0	00	0010	1	0001
C1	0	00	0001	1	0111
C1	1	00	1000	1	0001
C1	0	00	0100	0	0000
C1	0	00	0010	1	0001
C1	0	00	0001	1	1000
C1	1	00	1000	1	0001
C1	0	00	0100	0	0000
C1	0	00	0010	1	0001
C1	0	00	0001	1	1001
C1	1	00	1000	1	0001
C1	0	00	0100	0	0000
C1	0	00	0010	1	0010
C1	0	00	0001	1	0000
C1	1	00	1000	1	0001
C1	0	00	0100	0	0000
C1	0	00	0010	1	0010
C1	0	00	0001	1	0001
C1	1	00	1000	1	0001
C1	0	00	0100	0	0000
C1	0	00	0010	1	0010
C1	0	00	0001	1	0010
C1	1	00	1000	1	0001
C1	0	00	0100	0	0000
C1	0	00	0010	1	0010
C1	0	00	0001	1	0011
C1	1	00	1000	1	0001
C1	0	00	0100	0	0000
C1	0	00	0010	1	0010
C1	0	00	0001	1	0100
C1	1	00	1000	1	0001
C1	0	00	0100	0	0000
C1	0	00	0010	1	0010
C1	0	00	0001	1	0101
C1	1	00	1000	1	0001
C1	0	00	0100	0	0000
C1	0	00	0010	1	0010
C1	0	00	0001	1	0110
C1	1	00	1000	1	0001
C1	0	00	0100	0	0000
C1	0	00	0010	1	0010
C1	0	00	0001	1	0111
C1	1	00	1000	1	0001
C1	0	00	0100	0	0000
C1	0	00	0010	1	0010
C1	0	00	0001	1	1000
C1	1	00	1000	1	0001
C1	0	00	0100	0	0000
C1	0	00	0010	1	0010
C1	0	00	0001	1	1001
C1	1	00	1000	1	0001
C1	0	00	0100	0	0000
C1	0	00	0010	1	0011
C1	0	00	0001	1	0000
C1	1	00	1000	1	0001
C1	0	00	0100	0	0000
C1	0	00	0010	1	0011
C1	0	00	0001	1	0001
C1	1	00	1000	1	0001
C1	0	00	0100	0	0000
C1	0	00	0010	1	0011
C1	0	00	0001	1	0010
C1	1	00	1000	1	0001
C1	0	00	0100	0	0000
C1	0	00	0010	1	0011
C1	0	00	0001	1	0011
C1	1	00	1000	1	0001
C1	0	00	0100	0	0000
C1	0	00	0010	1	0011
C1	0	00	0001	1	0100
C1	1	00	1000	1	0001
C1	0	00	0100	0	0000
C1	0	00	0010	1	0011
C1	0	00	0001	1	0101
C1	1	00	1000	1	0001
C1	0	00	0100	0	0000
C1	0	00	0010	1	0011
C1	0	00	0001	1	0110
C1	1	00	1000	1	0001
C1	0	00	0100	0	0000
C1	0	00	0010	1	0011
C1	0	00	0001	1	0111
C1	1	00	1000	1	0001
C1	0	00	0100	0	0000
C1	0	00	0010	1	0011
C1	0	00	0001	1	1000
C1	1	00	1000	1	0001
C1	0	00	0100	0	0000
C1	0	00	0010	1	0011
C1	0	00	0001	1	1001
C1	1	00	1000	1	0001
C1	0	00	0100	0	0000
C1	0	00	0010	1	0100
C1	0	00	0001	1	0000
C1	1	00	1000	1	0001
C1	0	00	0100	0	0000
C1	0	00	0010	1	0100
C1	0	00	0001	1	0001
C1	1	00	1000	1	0001
C1	0	00	0100	0	0000
C1	0	00	0010	1	0100
C1	0	00	0001	1	0010
C1	1	00	1000	1	0001
C1	0	00	0100	0	0000
C1	0	00	0010	1	0100
C1	0	00	0001	1	0011
C1	1	00	1000	1	0001
C1	0	00	0100	0	0000
C1	0	00	0010	1	0100
C1	0	00	0001	1	0100
C1	1	00	1000	1	0001
C1	0	00	0100	0	0000
C1	0	00	0010	1	0100
C1	0	00	0001	1	0101
C1	1	00	1000	1	0001
C1	0	00	0100	0	0000
C1	0	00	0010	1	0100
C1	0	00	0001	1	0110
C1	1	00	1000	1	0001
C1	0	00	0100	0	0000
C1	0	00	0010	1	0100
C1	0	00	0001	1	0111
C1	1	00	1000	1	0001
C1	0	00	0100	0	0000
C1	0	00	0010	1	0100
C1	0	00	0001	1	1000
C1	1	00	1000	1	0001
C1	0	00	0100	0	0000
C1	0	00	0010	1	0100
C1	0	00	0001	1	1001
C1	1	00	1000	1	0001
C1	0	00	0100	0	0000
C1	0	00	0010	1	0101
C1	0	00	0001	1	0000
C1	1	00	1000	1	0001
C1	0	00	0100	0	0000
C1	0	00	0010	1	0101
C1	0	00	0001	1	0001
C1	1	00	1000	1	0001
C1	0	00	0100	0	0000
C1	0	00	0010	1	0101
C1	0	00	0001	1	0010
C1	1	00	1000	1	0001
C1	0	00	0100	0	0000
C1	0	00	0010	1	0101
C1	0	00	0001	1	0011
C1	1	00	1000	1	0001
C1	0	00	0100	0	0000
C1	0	00	0010	1	0101
C1	0	00	0001	1	0100
C1	1	00	1000	1	0001
C1	0	00	0100	0	0000
C1	0	00	0010	1	0101
C1	0	00	0001	1	0101
C1	1	00	1000	1	0001
C1	0	00	0100	0	0000
C1	0	00	0010	1	0101
C1	0	00	0001	1	0110
C1	1	00	1000	1	0001
C1	0	00	0100	0	0000
C1	0	00	0010	1	0101
C1	0	00	0001	1	0111
C1	1	00	1000	1	0001
C1	0	00	0100	0	0000
C1	0	00	0010	1	0101
C1	0	00	0001	1	1000
C1	1	00	1000	1	0001
C1	0	00	0100	0	0000
C1	0	00	0010	1	0101
C1	0	00	0001	1	1001
C1	1	00	1000	1	0001
C1	0	00	0100	0	0001
C1	0	00	0010	1	0000
C1	0	00	0001	1	0000
C1	1	00	1000	1	0001
C1	0	00	0100	0	0001
C1	0	00	0010	1	0000
C1	0	00	0001	1	0001
C1	1	00	1000	1	0001
C1	0	00	0100	0	0001
C1	0	00	0010	1	0000
C1	0	00	0001	1	0010
C1	1	00	1000	1	0001
C1	0	00	0100	0	0001
C1	0	00	0010	1	0000
C1	0	00	0001	1	0011
C1	1	00	1000	1	0001
C1	0	00	0100	0	0001
C1	0	00	0010	1	0000
C1	0	00	0001	1	0100
C1	1	00	1000	1	0001
C1	0	00	0100	0	0001
C1	0	00	0010	1	0000
C1	0	00	0001	1	0101
C1	1	00	1000	1	0001
C1	0	00	0100	0	0001
C1	0	00	0010	1	0000
C1	0	00	0001	1	0110
C1	1	00	1000	1	0001
C1	0	00	0100	0	0001
C1	0	00	0010	1	0000
C1	0	00	0001	1	0111
C1	1	00	1000	1	0001
C1	0	00	0100	0	0001
C1	0	00	0010	1	0000
C1	0	00	0001	1	1000
C1	1	00	1000	1	0001
C1	0	00	0100	0	0001
C1	0	00	0010	1	0000
C1	0	00	0001	1	1001
C1	1	00	1000	1	0001
C1	0	00	0100	0	0001
C1	0	00	0010	1	0001
C1	0	00	0001	1	0000
C1	1	00	1000	1	0001
C1	0	00	0100	0	0001
C1	0	00	0010	1	0001
C1	0	00	0001	1	0001
C1	1	00	1000	1	0001
C1	0	00	0100	0	0001
C1	0	00	0010	1	0001
C1	0	00	0001	1	0010
C1	1	00	1000	1	0001
C1	0	00	0100	0	0001
C1	0	00	0010	1	0001
C1	0	00	0001	1	0011
C1	1	00	1000	1	0001
C1	0	00	0100	0	0001
C1	0	00	0010	1	0001
C1	0	00	0001	1	0100
C1	1	00	1000	1	0001
C1	0	00	0100	0	0001
C1	0	00	0010	1	0001
C1	0	00	0001	1	0101
C1	1	00	1000	1	0001
C1	0	00	0100	0	0001
C1	0	00	0010	1	0001
C1	0	00	0001	1	0110
C1	1	00	1000	1	0001
C1	0	00	0100	0	0001
C1	0	00	0010	1	0001
C1	0	00	0001	1	0111
C1	1	00	1000	1	0001
C1	0	00	0100	0	0001
C1	0	00	0010	1	0001
C1	0	00	0001	1	1000
C1	1	00	1000	1	0001
C1	0	00	0100	0	0001
C1	0	00	0010	1	0001
C1	0	00	0001	1	1001
C1	1	00	1000	1	0001
C1	0	00	0100	0	0001
C1	0	00	0010	1	0010
C1	0	00	0001	1	0000
C1	1	00	1000	1	0001
C1	0	00	0100	0	0001
C1	0	00	0010	1	0010
C1	0	00	0001	1	0001
C1	1	00	1000	1	0001
C1	0	00	0100	0	0001
C1	0	00	0010	1	0010
C1	0	00	0001	1	0010
C1	1	00	1000	1	0001
C1	0	00	0100	0	0001
C1	0	00	0010	1	0010
C1	0	00	0001	1	0011
C1	1	00	1000	1	0001
C1	0	00	0100	0	0001
C1	0	00	0010	1	0010
C1	0	00	0001	1	0100
C1	1	00	1000	1	0001
C1	0	00	0100	0	0001
C1	0	00	0010	1	0010
C1	0	00	0001	1	0101
C1	1	00	1000	1	0001
C1	0	00	0100	0	0001
C1	0	00	0010	1	0010
C1	0	00	0001	1	0110
C1	1	00	1000	1	0001
C1	0	00	0100	0	0001
C1	0	00	0010	1	0010
C1	0	00	0001	1	0111
C1	1	00	1000	1	0001
C1	0	00	0100	0	0001
C1	0	00	0010	1	0010
C1	0	00	0001	1	1000
C1	1	00	1000	1	0001
C1	0	00	0100	0	0001
C1	0	00	0010	1	0010
C1	0	00	0001	1	1001
C1	1	00	1000	1	0001
C1	0	00	0100	0	0001
C1	0	00	0010	1	0011
C1	0	00	0001	1	0000
C1	1	00	1000	1	0001
C1	0	00	0100	0	0001
C1	0	00	0010	1	0011
C1	0	00	0001	1	0001
C1	1	00	1000	1	0001
C1	0	00	0100	0	0001
C1	0	00	0010	1	0011
C1	0	00	0001	1	0010
C1	1	00	1000	1	0001
C1	0	00	0100	0	0001
C1	0	00	0010	1	0011
C1	0	00	0001	1	0011
C1	1	00	1000	1	0001
C1	0	00	0100	0	0001
C1	0	00	0010	1	0011
C1	0	00	0001	1	0100
C1	1	00	1000	1	0001
C1	0	00	0100	0	0001
C1	0	00	0010	1	0011
C1	0	00	0001	1	0101
C1	1	00	1000	1	0001
C1	0	00	0100	0	0001
C1	0	00	0010	1	0011
C1	0	00	0001	1	0110
C1	1	00	1000	1	0001
C1	0	00	0100	0	0001
C1	0	00	0010	1	0011
C1	0	00	0001	1	0111
C1	1	00	1000	1	0001
C1	0	00	0100	0	0001
C1	0	00	0010	1	0011
C1	0	00	0001	1	1000
C1	1	00	1000	1	0001
C1	0	00	0100	0	0001
C1	0	00	0010	1	0011
C1	0	00	0001	1	1001
C1	1	00	1000	1	0001
C1	0	00	0100	0	0001
C1	0	00	0010	1	0100
C1	0	00	0001	1	0000
C1	1	00	1000	1	0001
C1	0	00	0100	0	0001
C1	0	00	0010	1	0100
C1	0	00	0001	1	0001
C1	1	00	1000	1	0001
C1	0	00	0100	0	0001
C1	0	00	0010	1	0100
C1	0	00	0001	1	0010
C1	1	00	1000	1	0001
C1	0	00	0100	0	0001
C1	0	00	0010	1	0100
C1	0	00	0001	1	0011
C1	1	00	1000	1	0001
C1	0	00	0100	0	0001
C1	0	00	0010	1	0100
C1	0	00	0001	1	0100
C1	1	00	1000	1	0001
C1	0	00	0100	0	0001
C1	0	00	0010	1	0100
C1	0	00	0001	1	0101
C1	1	00	1000	1	0001
C1	0	00	0100	0	0001
C1	0	00	0010	1	0100
C1	0	00	0001	1	0110
C1	1	00	1000	1	0001
C1	0	00	0100	0	0001
C1	0	00	0010	1	0100
C1	0	00	0001	1	0111
C1	1	00	1000	1	0001
C1	0	00	0100	0	0001
C1	0	00	0010	1	0100
C1	0	00	0001	1	1000
C1	1	00	1000	1	0001
C1	0	00	0100	0	0001
C1	0	00	0010	1	0100
C1	0	00	0001	1	1001
C1	1	00	1000	1	0001
C1	0	00	0100	0	0001
C1	0	00	0010	1	0101
C1	0	00	0001	1	0000
C1	1	00	1000	1	0001
C1	0	00	0100	0	0001
C1	0	00	0010	1	0101
C1	0	00	0001	1	0001
C1	1	00	1000	1	0001
C1	0	00	0100	0	0001
C1	0	00	0010	1	0101
C1	0	00	0001	1	0010
C1	1	00	1000	1	0001
C1	0	00	0100	0	0001
C1	0	00	0010	1	0101
C1	0	00	0001	1	0011
C1	1	00	1000	1	0001
C1	0	00	0100	0	0001
C1	0	00	0010	1	0101
C1	0	00	0001	1	0100
C1	1	00	1000	1	0001
C1	0	00	0100	0	0001
C1	0	00	0010	1	0101
C1	0	00	0001	1	0101
C1	1	00	1000	1	0001
C1	0	00	0100	0	0001
C1	0	00	0010	1	0101
C1	0	00	0001	1	0110
C1	1	00	1000	1	0001
C1	0	00	0100	0	0001
C1	0	00	0010	1	0101
C1	0	00	0001	1	0111
C1	1	00	1000	1	0001
C1	0	00	0100	0	0001
C1	0	00	0010	1	0101
C1	0	00	0001	1	1000
C1	1	00	1000	1	0001
C1	0	00	0100	0	0001
C1	0	00	0010	1	0101
C1	0	00	0001	1	1001
C1	1	00	1000	1	0001
C1	0	00	0100	0	0010
C1	0	00	0010	1	0000
C1	0	00	0001	1	0000
</TestVector>
# End of the test vector file