# Set 12:00
C    0       0     0          0           1000                0001            1
C    1       0     0          0           0100                0010            0
C    1       0     0          0           0010                0000            1
C    1       0     0          0           0001                0000            1

# tick to 12:1
C    1       1     0          0           1000                0000            1
C    1       0     0          0           0100                0001            1

# check 12:1
C    1       0     0          0           1000                0000            1
C    1       0     0          0           0100                0001            1

# tick to 12:2
C    1       1     0          0           1000                0000            1
C    1       0     0          0           0100                0010            1

# check 12:2
C    1       0     0          0           1000                0000            1
C    1       0     0          0           0100                0010            1

# tick to 12:3
C    1       1     0          0           1000                0000            1
C    1       0     0          0           0100                0011            1

# check 12:3
C    1       0     0          0           1000                0000            1
C    1       0     0          0           0100                0011            1

# tick to 12:4
C    1       1     0          0           1000                0000            1
C    1       0     0          0           0100                0100            1

# check 12:4
C    1       0     0          0           1000                0000            1
C    1       0     0          0           0100                0100            1

# tick to 12:5
C    1       1     0          0           1000                0000            1
C    1       0     0          0           0100                0101            1

# check 12:5
C    1       0     0          0           1000                0000            1
C    1       0     0          0           0100                0101            1

# tick to 12:6
C    1       1     0          0           1000                0000            1
C    1       0     0          0           0100                0110            1

# check 12:6
C    1       0     0          0           1000                0000            1
C    1       0     0          0           0100                0110            1

# tick to 12:7
C    1       1     0          0           1000                0000            1
C    1       0     0          0           0100                0111            1

# check 12:7
C    1       0     0          0           1000                0000            1
C    1       0     0          0           0100                0111            1

# tick to 12:8
C    1       1     0          0           1000                0000            1
C    1       0     0          0           0100                1000            1

# check 12:8
C    1       0     0          0           1000                0000            1
C    1       0     0          0           0100                1000            1

# tick to 12:9
C    1       1     0          0           1000                0000            1
C    1       0     0          0           0100                1001            1

# check 12:9
C    1       0     0          0           1000                0000            1
C    1       0     0          0           0100                1001            1

# tick to 12:10
C    1       1     0          0           1000                0001            1
C    1       0     0          0           0100                0000            1

# check 12:10
C    1       0     0          0           1000                0001            1
C    1       0     0          0           0100                0000            1

# tick to 12:11
C    1       1     0          0           1000                0001            1
C    1       0     0          0           0100                0001            1

# check 12:11
C    1       0     0          0           1000                0001            1
C    1       0     0          0           0100                0001            1

# tick to 12:12
C    1       1     0          0           1000                0001            1
C    1       0     0          0           0100                0010            1

# check 12:12
C    1       0     0          0           1000                0001            1
C    1       0     0          0           0100                0010            1

# tick to 12:13
C    1       1     0          0           1000                0001            1
C    1       0     0          0           0100                0011            1

# check 12:13
C    1       0     0          0           1000                0001            1
C    1       0     0          0           0100                0011            1

# tick to 12:14
C    1       1     0          0           1000                0001            1
C    1       0     0          0           0100                0100            1

# check 12:14
C    1       0     0          0           1000                0001            1
C    1       0     0          0           0100                0100            1

# tick to 12:15
C    1       1     0          0           1000                0001            1
C    1       0     0          0           0100                0101            1

# check 12:15
C    1       0     0          0           1000                0001            1
C    1       0     0          0           0100                0101            1

# tick to 12:16
C    1       1     0          0           1000                0001            1
C    1       0     0          0           0100                0110            1

# check 12:16
C    1       0     0          0           1000                0001            1
C    1       0     0          0           0100                0110            1

# tick to 12:17
C    1       1     0          0           1000                0001            1
C    1       0     0          0           0100                0111            1

# check 12:17
C    1       0     0          0           1000                0001            1
C    1       0     0          0           0100                0111            1

# tick to 12:18
C    1       1     0          0           1000                0001            1
C    1       0     0          0           0100                1000            1

# check 12:18
C    1       0     0          0           1000                0001            1
C    1       0     0          0           0100                1000            1

# tick to 12:19
C    1       1     0          0           1000                0001            1
C    1       0     0          0           0100                1001            1

# check 12:19
C    1       0     0          0           1000                0001            1
C    1       0     0          0           0100                1001            1

# tick to 12:20
C    1       1     0          0           1000                0010            1
C    1       0     0          0           0100                0000            1

# check 12:20
C    1       0     0          0           1000                0010            1
C    1       0     0          0           0100                0000            1

# tick to 12:21
C    1       1     0          0           1000                0010            1
C    1       0     0          0           0100                0001            1

# check 12:21
C    1       0     0          0           1000                0010            1
C    1       0     0          0           0100                0001            1

# tick to 12:22
C    1       1     0          0           1000                0010            1
C    1       0     0          0           0100                0010            1

# check 12:22
C    1       0     0          0           1000                0010            1
C    1       0     0          0           0100                0010            1

# tick to 12:23
C    1       1     0          0           1000                0010            1
C    1       0     0          0           0100                0011            1

# check 12:23
C    1       0     0          0           1000                0010            1
C    1       0     0          0           0100                0011            1

# tick to 12:24
C    1       1     0          0           1000                0010            1
C    1       0     0          0           0100                0100            1

# check 12:24
C    1       0     0          0           1000                0010            1
C    1       0     0          0           0100                0100            1

# tick to 12:25
C    1       1     0          0           1000                0010            1
C    1       0     0          0           0100                0101            1

# check 12:25
C    1       0     0          0           1000                0010            1
C    1       0     0          0           0100                0101            1

# tick to 12:26
C    1       1     0          0           1000                0010            1
C    1       0     0          0           0100                0110            1

# check 12:26
C    1       0     0          0           1000                0010            1
C    1       0     0          0           0100                0110            1

# tick to 12:27
C    1       1     0          0           1000                0010            1
C    1       0     0          0           0100                0111            1

# check 12:27
C    1       0     0          0           1000                0010            1
C    1       0     0          0           0100                0111            1

# tick to 12:28
C    1       1     0          0           1000                0010            1
C    1       0     0          0           0100                1000            1

# check 12:28
C    1       0     0          0           1000                0010            1
C    1       0     0          0           0100                1000            1

# tick to 12:29
C    1       1     0          0           1000                0010            1
C    1       0     0          0           0100                1001            1

# check 12:29
C    1       0     0          0           1000                0010            1
C    1       0     0          0           0100                1001            1

# tick to 12:30
C    1       1     0          0           1000                0011            1
C    1       0     0          0           0100                0000            1

# check 12:30
C    1       0     0          0           1000                0011            1
C    1       0     0          0           0100                0000            1

# tick to 12:31
C    1       1     0          0           1000                0011            1
C    1       0     0          0           0100                0001            1

# check 12:31
C    1       0     0          0           1000                0011            1
C    1       0     0          0           0100                0001            1

# tick to 12:32
C    1       1     0          0           1000                0011            1
C    1       0     0          0           0100                0010            1

# check 12:32
C    1       0     0          0           1000                0011            1
C    1       0     0          0           0100                0010            1

# tick to 12:33
C    1       1     0          0           1000                0011            1
C    1       0     0          0           0100                0011            1

# check 12:33
C    1       0     0          0           1000                0011            1
C    1       0     0          0           0100                0011            1

# tick to 12:34
C    1       1     0          0           1000                0011            1
C    1       0     0          0           0100                0100            1

# check 12:34
C    1       0     0          0           1000                0011            1
C    1       0     0          0           0100                0100            1

# tick to 12:35
C    1       1     0          0           1000                0011            1
C    1       0     0          0           0100                0101            1

# check 12:35
C    1       0     0          0           1000                0011            1
C    1       0     0          0           0100                0101            1

# tick to 12:36
C    1       1     0          0           1000                0011            1
C    1       0     0          0           0100                0110            1

# check 12:36
C    1       0     0          0           1000                0011            1
C    1       0     0          0           0100                0110            1

# tick to 12:37
C    1       1     0          0           1000                0011            1
C    1       0     0          0           0100                0111            1

# check 12:37
C    1       0     0          0           1000                0011            1
C    1       0     0          0           0100                0111            1

# tick to 12:38
C    1       1     0          0           1000                0011            1
C    1       0     0          0           0100                1000            1

# check 12:38
C    1       0     0          0           1000                0011            1
C    1       0     0          0           0100                1000            1

# tick to 12:39
C    1       1     0          0           1000                0011            1
C    1       0     0          0           0100                1001            1

# check 12:39
C    1       0     0          0           1000                0011            1
C    1       0     0          0           0100                1001            1

# tick to 12:40
C    1       1     0          0           1000                0100            1
C    1       0     0          0           0100                0000            1

# check 12:40
C    1       0     0          0           1000                0100            1
C    1       0     0          0           0100                0000            1

# tick to 12:41
C    1       1     0          0           1000                0100            1
C    1       0     0          0           0100                0001            1

# check 12:41
C    1       0     0          0           1000                0100            1
C    1       0     0          0           0100                0001            1

# tick to 12:42
C    1       1     0          0           1000                0100            1
C    1       0     0          0           0100                0010            1

# check 12:42
C    1       0     0          0           1000                0100            1
C    1       0     0          0           0100                0010            1

# tick to 12:43
C    1       1     0          0           1000                0100            1
C    1       0     0          0           0100                0011            1

# check 12:43
C    1       0     0          0           1000                0100            1
C    1       0     0          0           0100                0011            1

# tick to 12:44
C    1       1     0          0           1000                0100            1
C    1       0     0          0           0100                0100            1

# check 12:44
C    1       0     0          0           1000                0100            1
C    1       0     0          0           0100                0100            1

# tick to 12:45
C    1       1     0          0           1000                0100            1
C    1       0     0          0           0100                0101            1

# check 12:45
C    1       0     0          0           1000                0100            1
C    1       0     0          0           0100                0101            1

# tick to 12:46
C    1       1     0          0           1000                0100            1
C    1       0     0          0           0100                0110            1

# check 12:46
C    1       0     0          0           1000                0100            1
C    1       0     0          0           0100                0110            1

# tick to 12:47
C    1       1     0          0           1000                0100            1
C    1       0     0          0           0100                0111            1

# check 12:47
C    1       0     0          0           1000                0100            1
C    1       0     0          0           0100                0111            1

# tick to 12:48
C    1       1     0          0           1000                0100            1
C    1       0     0          0           0100                1000            1

# check 12:48
C    1       0     0          0           1000                0100            1
C    1       0     0          0           0100                1000            1

# tick to 12:49
C    1       1     0          0           1000                0100            1
C    1       0     0          0           0100                1001            1

# check 12:49
C    1       0     0          0           1000                0100            1
C    1       0     0          0           0100                1001            1

# tick to 12:50
C    1       1     0          0           1000                0101            1
C    1       0     0          0           0100                0000            1

# check 12:50
C    1       0     0          0           1000                0101            1
C    1       0     0          0           0100                0000            1

# tick to 12:51
C    1       1     0          0           1000                0101            1
C    1       0     0          0           0100                0001            1

# check 12:51
C    1       0     0          0           1000                0101            1
C    1       0     0          0           0100                0001            1

# tick to 12:52
C    1       1     0          0           1000                0101            1
C    1       0     0          0           0100                0010            1

# check 12:52
C    1       0     0          0           1000                0101            1
C    1       0     0          0           0100                0010            1

# tick to 12:53
C    1       1     0          0           1000                0101            1
C    1       0     0          0           0100                0011            1

# check 12:53
C    1       0     0          0           1000                0101            1
C    1       0     0          0           0100                0011            1

# tick to 12:54
C    1       1     0          0           1000                0101            1
C    1       0     0          0           0100                0100            1

# check 12:54
C    1       0     0          0           1000                0101            1
C    1       0     0          0           0100                0100            1

# tick to 12:55
C    1       1     0          0           1000                0101            1
C    1       0     0          0           0100                0101            1

# check 12:55
C    1       0     0          0           1000                0101            1
C    1       0     0          0           0100                0101            1

# tick to 12:56
C    1       1     0          0           1000                0101            1
C    1       0     0          0           0100                0110            1

# check 12:56
C    1       0     0          0           1000                0101            1
C    1       0     0          0           0100                0110            1

# tick to 12:57
C    1       1     0          0           1000                0101            1
C    1       0     0          0           0100                0111            1

# check 12:57
C    1       0     0          0           1000                0101            1
C    1       0     0          0           0100                0111            1

# tick to 12:58
C    1       1     0          0           1000                0101            1
C    1       0     0          0           0100                1000            1

# check 12:58
C    1       0     0          0           1000                0101            1
C    1       0     0          0           0100                1000            1

# tick to 12:59
C    1       1     0          0           1000                0101            1
C    1       0     0          0           0100                1001            1

# check 12:59
C    1       0     0          0           1000                0101            1
C    1       0     0          0           0100                1001            1

# tick to 1:0
C    1       1     0          0           1000                0000            1
C    1       0     0          0           0100                0000            1

# check 1:0
C    1       0     0          0           1000                0000            1
C    1       0     0          0           0100                0000            1

# tick to 1:1
C    1       1     0          0           1000                0000            1
C    1       0     0          0           0100                0001            1

# check 1:1
C    1       0     0          0           1000                0000            1
C    1       0     0          0           0100                0001            1

# tick to 1:2
C    1       1     0          0           1000                0000            1
C    1       0     0          0           0100                0010            1

# check 1:2
C    1       0     0          0           1000                0000            1
C    1       0     0          0           0100                0010            1

# tick to 1:3
C    1       1     0          0           1000                0000            1
C    1       0     0          0           0100                0011            1

# check 1:3
C    1       0     0          0           1000                0000            1
C    1       0     0          0           0100                0011            1

# tick to 1:4
C    1       1     0          0           1000                0000            1
C    1       0     0          0           0100                0100            1

# check 1:4
C    1       0     0          0           1000                0000            1
C    1       0     0          0           0100                0100            1

# tick to 1:5
C    1       1     0          0           1000                0000            1
C    1       0     0          0           0100                0101            1

# check 1:5
C    1       0     0          0           1000                0000            1
C    1       0     0          0           0100                0101            1

# tick to 1:6
C    1       1     0          0           1000                0000            1
C    1       0     0          0           0100                0110            1

# check 1:6
C    1       0     0          0           1000                0000            1
C    1       0     0          0           0100                0110            1

# tick to 1:7
C    1       1     0          0           1000                0000            1
C    1       0     0          0           0100                0111            1

# check 1:7
C    1       0     0          0           1000                0000            1
C    1       0     0          0           0100                0111            1

# tick to 1:8
C    1       1     0          0           1000                0000            1
C    1       0     0          0           0100                1000            1

# check 1:8
C    1       0     0          0           1000                0000            1
C    1       0     0          0           0100                1000            1

# tick to 1:9
C    1       1     0          0           1000                0000            1
C    1       0     0          0           0100                1001            1

# check 1:9
C    1       0     0          0           1000                0000            1
C    1       0     0          0           0100                1001            1

# tick to 1:10
C    1       1     0          0           1000                0001            1
C    1       0     0          0           0100                0000            1

# check 1:10
C    1       0     0          0           1000                0001            1
C    1       0     0          0           0100                0000            1

# tick to 1:11
C    1       1     0          0           1000                0001            1
C    1       0     0          0           0100                0001            1

# check 1:11
C    1       0     0          0           1000                0001            1
C    1       0     0          0           0100                0001            1

# tick to 1:12
C    1       1     0          0           1000                0001            1
C    1       0     0          0           0100                0010            1

# check 1:12
C    1       0     0          0           1000                0001            1
C    1       0     0          0           0100                0010            1

# tick to 1:13
C    1       1     0          0           1000                0001            1
C    1       0     0          0           0100                0011            1

# check 1:13
C    1       0     0          0           1000                0001            1
C    1       0     0          0           0100                0011            1

# tick to 1:14
C    1       1     0          0           1000                0001            1
C    1       0     0          0           0100                0100            1

# check 1:14
C    1       0     0          0           1000                0001            1
C    1       0     0          0           0100                0100            1

# tick to 1:15
C    1       1     0          0           1000                0001            1
C    1       0     0          0           0100                0101            1

# check 1:15
C    1       0     0          0           1000                0001            1
C    1       0     0          0           0100                0101            1